1024 5341
534 112 5
363 912 18
886 521 -10
720 163 -1
53 53 -3
263 340 2
574 247 -9
370 122 17
91 1020 10
554 587 -1
498 750 20
974 133 9
814 127 20
970 261 17
905 60 -3
512 607 17
503 406 3
730 793 8
295 673 14
809 917 9
907 881 13
359 974 8
557 298 14
42 370 17
632 20 -1
1013 7 20
642 594 0
674 15 8
116 275 14
283 883 20
290 86 14
36 155 -5
770 399 2
860 757 -10
488 984 -3
445 743 12
357 113 9
328 81 15
664 183 19
933 564 -5
969 740 3
979 792 2
815 301 14
323 320 3
942 792 4
757 725 -3
366 809 -3
359 397 18
408 820 -7
130 632 10
932 1006 -2
706 500 16
1013 155 -9
330 258 -10
699 492 -9
169 106 13
847 867 11
116 881 11
901 221 15
10 785 14
946 530 0
279 1006 15
840 35 15
174 130 -8
862 410 6
538 564 13
903 865 -2
688 856 -6
688 407 3
76 323 9
274 344 15
61 255 -10
334 199 16
710 582 12
591 259 0
909 958 -3
145 457 8
385 192 8
202 244 20
289 3 12
823 26 8
563 1021 16
506 240 2
574 237 6
584 332 5
878 440 2
854 458 12
937 31 -3
840 648 1
506 520 -1
408 892 -2
163 195 -8
927 581 4
113 144 2
847 395 -3
551 475 16
325 585 5
284 742 9
682 411 -8
610 975 9
176 480 17
525 67 1
643 81 0
114 308 8
2 92 2
892 619 -10
682 104 -7
99 729 -4
878 972 12
102 991 9
883 22 -4
870 791 2
747 0 18
356 833 -7
130 161 -3
83 89 8
283 444 0
456 7 5
724 60 5
97 744 -9
893 570 7
766 99 14
529 551 19
36 508 -10
978 742 -10
544 113 -3
272 261 -5
198 0 15
716 340 5
986 673 -6
427 895 14
393 548 20
1021 901 -5
640 359 17
964 794 18
380 808 -2
765 91 19
621 545 -5
919 342 -10
381 359 -2
477 88 -5
158 329 7
834 775 0
622 34 0
204 670 -1
910 987 5
913 503 -10
955 13 13
775 547 10
595 519 2
14 187 4
523 799 1
261 819 15
505 794 20
585 212 -7
580 917 18
995 299 11
285 681 -2
99 778 -1
197 583 4
525 116 -9
461 768 12
736 517 12
223 47 18
301 189 1
415 201 11
429 813 7
148 822 14
344 891 13
16 0 -5
112 450 19
146 577 -6
374 677 -8
798 534 -6
527 62 3
114 123 -6
242 940 6
552 355 -10
898 1002 -10
812 996 9
675 697 5
773 465 20
476 702 6
990 794 3
249 554 -6
354 709 14
919 894 2
701 614 18
875 590 -7
96 593 -10
288 18 -8
603 9 5
287 351 -7
621 408 19
162 548 -1
282 968 16
218 959 1
866 641 17
278 511 20
752 437 -6
554 118 5
222 670 15
139 935 -10
860 63 -2
978 492 5
225 862 9
433 564 -5
936 380 13
886 738 15
683 881 11
172 371 15
352 949 3
647 950 13
470 380 3
790 447 -6
273 306 17
112 983 17
946 1021 -6
853 539 2
326 839 16
513 902 16
736 640 6
798 148 4
448 158 -8
538 462 -9
305 3 4
329 213 -8
756 710 17
924 709 -5
960 677 19
727 267 3
457 764 6
140 515 -3
334 149 -4
832 251 5
914 569 20
648 355 2
733 570 16
2 864 20
585 123 4
111 1017 11
655 414 12
870 393 -7
270 855 -1
331 338 -1
191 800 10
660 307 6
222 959 10
130 242 15
864 857 -9
729 164 -9
407 783 2
829 522 -3
918 590 0
567 264 -4
812 862 6
791 889 8
402 983 15
813 783 16
804 771 -7
521 6 4
690 335 19
968 455 20
600 868 7
917 731 5
472 125 -4
1001 950 15
748 774 -2
817 67 11
522 961 -6
728 571 15
654 721 9
1013 679 -9
843 897 -6
9 806 10
237 675 -7
392 966 16
440 214 20
813 148 4
636 280 19
583 563 -3
741 370 5
892 784 -4
872 664 -10
695 788 12
377 212 9
577 487 10
727 929 4
557 25 20
776 687 10
165 459 5
610 597 -4
187 441 19
48 662 7
192 427 -4
467 837 -9
605 436 -4
758 236 18
477 465 4
802 383 -9
867 452 -4
865 267 1
12 316 3
685 470 -7
545 677 1
600 179 -6
749 319 5
951 369 4
469 840 -10
696 181 -4
954 858 2
291 919 -4
728 83 9
185 735 7
662 344 -6
625 696 17
8 987 4
898 297 20
789 937 16
249 190 15
372 356 12
266 544 11
11 513 -7
357 661 13
73 536 -2
49 659 17
664 560 4
372 759 -7
1020 327 8
286 124 2
115 324 -2
492 125 16
185 287 7
986 817 20
374 732 -6
224 738 19
778 940 1
301 203 18
106 718 11
35 921 16
202 17 2
440 213 16
788 253 5
11 402 -4
844 8 -10
851 56 -2
383 883 -8
618 72 -10
711 407 11
168 613 8
138 709 3
458 526 14
773 276 16
784 964 8
949 168 17
231 410 -7
332 858 18
685 349 9
552 206 11
625 722 -8
907 76 3
200 452 11
772 6 -8
259 725 -8
200 394 3
108 842 15
237 403 19
861 845 4
712 370 -2
323 865 10
215 715 11
233 243 5
256 602 3
175 846 15
16 243 7
621 354 19
188 523 16
300 533 13
398 346 7
780 32 -4
653 384 1
996 929 -6
634 948 11
386 745 16
247 223 12
147 306 -8
508 696 -5
415 318 0
91 951 -3
925 780 -10
72 764 5
516 813 11
33 379 14
621 861 19
232 15 18
541 866 19
298 575 -2
528 622 4
75 984 5
94 110 -2
372 945 9
17 13 11
142 46 14
193 342 0
270 601 4
406 569 7
393 695 -10
895 351 13
62 788 18
187 271 -7
29 773 -7
13 791 -9
753 206 7
46 1012 17
187 749 9
89 679 12
354 639 -6
267 3 20
312 298 8
69 855 -1
526 359 8
761 953 12
463 563 -6
356 98 17
214 909 -3
645 990 -1
375 857 20
755 251 2
886 628 6
445 438 16
358 35 -8
538 926 -1
805 544 4
784 616 -4
997 493 11
611 156 -5
908 72 15
612 941 -7
598 447 19
634 993 -4
748 988 6
121 445 8
642 107 7
294 519 16
907 185 -9
125 630 8
807 233 19
647 160 4
607 938 0
1007 462 -9
960 246 12
401 446 12
765 675 -3
184 890 -9
919 1002 8
457 711 17
195 312 11
391 479 19
8 985 9
317 631 -6
324 355 7
108 568 5
535 238 12
713 565 12
1011 118 -4
951 521 8
821 771 -7
135 667 7
787 94 7
275 451 -10
334 388 -7
662 831 -5
478 281 -4
733 183 -2
534 388 16
528 454 13
1011 633 10
970 576 6
404 544 16
69 43 4
517 538 16
184 43 -7
1006 787 5
572 587 -10
961 417 -3
211 618 15
630 410 2
107 693 -4
767 310 3
1003 1016 -7
1013 906 2
692 687 12
44 579 5
788 271 4
54 174 20
163 395 20
1015 621 9
895 648 -7
726 614 -10
485 811 17
570 722 18
920 658 -1
330 381 18
780 466 16
554 901 -10
608 662 6
48 585 -9
641 813 11
962 839 -9
268 617 6
986 777 0
457 161 -4
620 902 14
733 179 -9
24 122 17
764 726 3
241 154 11
833 158 0
837 186 15
641 131 10
674 573 -3
555 194 -10
148 98 17
270 123 4
455 76 7
686 848 1
411 478 -5
480 760 14
840 956 19
992 894 -3
799 782 4
310 550 -4
921 990 13
1005 50 8
290 290 3
786 498 10
234 983 3
378 1009 5
554 690 2
563 788 -1
655 89 16
827 521 20
467 28 -10
845 346 11
429 422 5
471 252 14
663 546 -10
138 311 20
805 454 5
1019 560 5
732 707 11
325 139 -1
709 775 -2
188 724 19
318 89 19
517 691 3
941 693 13
50 533 0
30 756 -4
184 979 -3
510 27 15
593 130 0
106 1013 11
304 867 3
457 953 -10
10 187 -9
942 1005 3
482 503 -1
822 710 -1
674 352 4
346 694 -1
220 595 -8
1010 744 5
337 56 12
853 467 -6
263 430 -10
479 562 15
286 672 -6
451 260 -3
927 837 2
758 862 4
761 823 10
530 301 9
495 803 5
639 587 -8
25 199 -5
331 360 9
848 47 4
884 184 -9
151 629 -10
406 616 11
867 374 8
49 834 -3
75 300 14
781 16 -7
140 697 -1
865 667 5
486 582 -2
965 340 -4
690 57 14
548 268 15
80 892 16
794 590 -1
566 449 0
900 45 3
580 15 -5
58 163 8
817 245 8
282 738 -10
41 823 -5
1012 536 -10
241 729 1
251 920 3
50 971 15
449 367 16
437 164 17
232 705 8
184 306 -8
18 391 19
678 966 -4
694 396 -3
214 393 9
988 691 16
25 311 3
506 233 11
837 276 -5
865 602 -4
515 1 -3
761 188 17
890 746 4
65 207 16
188 784 2
718 864 12
254 732 19
192 370 -8
504 568 -9
220 350 20
268 165 0
88 263 -9
513 646 -4
374 366 11
624 88 14
897 597 18
313 459 -7
460 174 20
926 5 1
703 258 -5
464 358 3
281 800 -3
785 685 -10
237 685 -2
449 81 -7
778 105 -4
486 103 14
200 589 9
274 111 10
880 200 19
184 979 18
446 456 12
75 787 5
809 596 15
701 191 3
1016 471 -10
823 211 11
587 634 -8
801 24 -5
933 25 8
985 142 -10
914 949 -2
162 275 10
904 884 9
433 443 17
268 910 18
876 923 -7
707 691 16
304 499 17
514 214 13
310 1020 0
485 349 -6
888 449 -2
553 546 12
925 976 2
818 723 -9
600 168 1
521 135 5
192 42 15
562 941 7
134 117 1
172 663 -1
540 256 8
636 341 7
542 967 -9
650 923 15
424 478 -1
451 995 -7
347 987 6
436 786 0
308 968 17
288 571 15
915 412 16
831 104 5
1022 111 -6
417 101 -3
632 490 16
499 762 -6
661 664 -8
18 44 10
397 297 7
564 586 -7
242 968 -5
11 1017 18
997 525 19
816 638 -3
724 820 9
570 1008 14
547 931 20
329 287 12
603 487 4
497 332 16
174 675 -10
453 526 2
232 52 12
498 1015 10
563 500 14
947 201 -2
563 94 20
122 621 -6
607 640 -10
544 479 0
429 645 7
651 977 18
221 570 19
890 177 11
535 467 1
637 80 4
142 620 10
579 363 -4
866 744 16
454 949 3
775 324 15
762 833 7
713 898 -9
521 589 0
80 673 -6
838 748 2
301 880 -4
349 1021 1
730 26 10
612 359 2
944 696 -7
479 417 1
960 79 1
723 742 -1
660 262 18
122 166 -2
833 372 -2
317 535 7
597 599 11
756 234 10
381 794 7
167 924 4
772 230 11
316 211 -4
879 831 4
987 455 13
486 87 2
498 941 5
43 664 -2
21 151 2
332 546 4
567 585 4
600 30 -6
237 498 -1
692 833 2
182 466 18
495 982 -10
388 548 -5
801 796 8
1011 242 9
565 228 -9
754 152 17
439 948 5
978 805 11
1013 722 -1
1006 213 5
153 782 16
618 603 9
2 541 16
446 955 16
7 482 1
11 724 -7
492 1 16
609 254 0
946 900 14
652 312 -3
769 389 0
1019 226 6
610 785 16
985 757 -4
391 456 13
384 567 1
971 478 -6
957 222 -6
55 909 15
164 151 7
171 797 5
236 0 14
508 516 14
257 734 20
295 209 -1
339 198 11
492 219 3
138 490 3
359 499 -8
419 79 19
902 900 -5
303 916 15
111 484 -7
27 14 -1
813 968 12
976 494 2
320 278 0
661 931 1
740 908 16
103 702 -8
559 757 1
979 249 10
843 482 -1
881 825 13
644 283 14
10 672 -9
218 850 4
157 4 -5
598 948 -10
175 108 -10
348 362 18
695 359 2
165 815 18
897 590 11
429 387 -6
214 979 8
952 805 19
214 369 11
951 725 18
196 150 -1
952 654 10
298 920 20
169 957 5
685 732 8
909 289 3
485 182 18
890 589 13
523 233 -6
1016 523 6
363 719 -5
925 20 16
976 404 -6
242 980 20
617 13 -3
5 303 17
469 518 -8
323 397 -10
605 805 -3
604 656 -4
898 948 1
101 317 -2
870 492 15
639 908 -4
959 666 16
666 909 14
334 564 -4
572 683 19
25 953 -2
843 179 -8
469 236 -7
334 427 3
312 978 8
419 668 15
63 887 0
408 213 -5
128 611 4
876 92 5
31 844 -3
929 387 12
773 226 -8
553 729 1
869 974 10
848 1009 -1
437 568 7
627 694 0
933 621 19
232 68 -1
703 640 -7
408 893 8
682 253 8
581 728 16
73 769 14
369 17 -6
570 598 4
88 973 -2
82 616 15
643 82 17
811 300 0
224 467 1
484 329 6
89 16 0
934 303 5
105 53 8
895 728 -3
32 821 1
185 614 -6
138 35 -3
705 483 7
387 813 -8
802 711 -4
602 324 -8
344 531 -8
457 409 16
858 539 18
307 379 -7
812 355 7
300 53 19
225 17 19
426 1016 9
456 479 -3
635 517 1
200 160 7
205 898 13
266 929 13
242 454 19
899 673 18
927 3 7
267 777 -8
88 403 3
495 171 17
720 852 16
335 828 5
858 982 0
417 49 4
705 330 18
304 222 -2
38 369 19
113 730 -5
951 768 -6
391 275 0
843 301 -10
839 544 -10
605 358 -6
924 178 16
208 98 4
36 300 5
127 778 -2
335 971 18
915 232 7
883 240 3
516 293 13
647 348 17
739 61 6
144 644 0
557 1000 2
987 846 18
607 1014 19
409 965 2
268 519 -4
639 693 3
16 874 -4
628 556 -2
326 902 -6
369 72 8
197 668 12
800 1003 18
524 963 7
995 286 4
686 617 5
319 845 19
342 708 7
234 938 13
572 499 -10
228 79 16
610 450 18
103 249 -4
311 333 -2
153 122 8
108 757 -3
310 554 12
32 359 14
180 258 17
431 161 0
149 557 -1
456 315 18
474 804 11
667 864 9
726 959 3
305 56 5
723 700 -2
343 945 -5
328 932 3
420 494 4
400 805 10
377 705 -2
354 807 7
275 763 0
889 596 15
3 633 10
304 719 5
176 821 8
251 567 6
929 199 3
258 354 -7
973 280 20
82 75 -5
289 560 -1
595 799 8
246 625 14
914 892 -4
51 918 10
1015 310 6
332 587 4
507 64 17
97 837 11
905 395 12
548 25 14
126 758 -9
592 324 5
18 684 15
223 37 19
394 123 -10
312 729 -4
509 15 10
267 312 -7
28 270 10
161 349 5
58 655 12
187 906 15
517 357 2
607 66 19
688 297 -9
803 235 0
381 527 13
207 609 20
488 498 -8
375 562 14
488 268 7
339 648 18
1015 859 7
516 486 -5
999 426 15
778 835 2
684 425 -2
398 43 -2
162 674 -5
468 489 -8
763 174 -5
748 1006 -7
84 627 6
389 234 3
424 460 19
226 339 11
22 509 -3
359 343 13
310 556 7
574 350 3
752 352 14
1014 945 2
273 314 12
54 737 20
540 790 19
727 1014 20
507 867 10
767 165 0
157 334 -9
792 233 14
948 274 14
177 219 1
512 396 12
430 673 -7
1004 487 5
602 452 -10
112 638 12
43 85 14
621 57 0
863 927 -9
511 31 10
446 357 4
643 207 9
795 979 -5
307 530 18
112 427 -7
431 729 -3
178 348 -7
207 56 16
669 258 -5
908 52 3
309 634 2
739 403 -10
176 535 18
768 479 7
1019 920 8
790 350 18
802 111 -5
167 183 14
317 890 14
50 620 4
180 441 9
636 634 15
756 170 8
240 192 6
235 597 -9
201 762 11
1007 36 6
5 366 13
716 291 -3
80 416 3
311 319 7
876 176 1
985 656 7
442 804 -9
423 734 20
756 588 9
843 734 4
575 906 -1
966 472 12
525 36 14
400 947 5
406 96 6
487 164 3
207 798 -9
7 229 -8
287 821 13
131 72 6
75 566 20
250 131 9
78 92 14
725 643 -1
533 992 13
987 551 7
602 482 -9
439 312 5
785 418 -6
451 378 14
294 716 1
188 797 0
381 498 4
551 7 7
367 661 12
397 420 12
575 77 6
988 580 18
55 231 -4
392 42 17
367 920 12
589 989 11
368 407 2
406 94 19
551 698 -7
762 834 9
1004 230 -8
76 1011 3
394 889 -1
819 116 2
644 1014 -6
581 904 11
274 917 17
534 780 -1
647 394 17
190 726 -5
30 34 1
710 908 -10
869 770 18
627 540 -9
187 810 9
748 1001 -9
924 405 7
696 199 11
945 899 -9
371 855 15
737 976 16
730 358 2
977 749 5
383 343 17
402 846 17
439 716 19
124 623 18
429 1022 -2
347 697 20
411 646 2
887 242 -5
913 391 -5
807 0 -8
94 127 19
493 30 13
876 284 5
585 729 -10
442 1008 17
196 884 9
45 736 17
235 889 -2
1009 397 -8
37 428 -1
939 831 7
437 402 -9
671 750 -1
582 80 3
800 377 -2
705 909 2
988 827 2
377 408 1
1000 364 1
447 521 11
917 283 3
377 136 15
121 162 6
356 915 8
300 478 9
1011 840 9
421 666 -8
23 166 -9
845 488 6
83 963 2
15 90 6
990 997 5
530 608 18
720 642 -7
491 820 3
901 662 -9
858 25 -6
698 970 -2
249 728 17
272 354 -10
358 960 2
1 755 0
195 666 -4
355 330 11
948 838 -1
9 11 -9
277 516 17
303 237 13
543 144 10
429 939 18
189 158 14
800 504 11
567 349 17
145 279 -5
132 252 13
836 748 19
734 119 -10
939 668 17
620 777 -5
957 279 18
547 29 20
788 38 1
299 402 18
681 716 -1
355 430 -10
267 32 12
998 790 2
337 485 -2
924 666 0
585 656 -7
561 459 7
144 635 -6
531 646 15
396 626 14
71 755 -7
646 483 0
810 701 -6
605 339 -6
901 352 17
382 491 4
891 734 1
804 305 15
812 837 -10
28 85 9
312 707 12
623 146 2
343 831 -4
714 659 -1
454 431 10
894 227 1
58 163 15
611 452 3
406 700 0
529 786 17
924 777 1
33 751 -5
582 642 -4
373 622 4
663 280 -10
708 894 -2
761 523 7
716 445 6
397 659 19
259 509 4
755 759 13
668 670 12
109 419 14
311 787 -10
632 234 20
411 801 6
295 871 -4
581 704 -3
485 62 16
184 420 19
620 953 -2
459 472 11
783 485 16
108 752 5
682 65 -1
910 959 -7
219 159 10
834 660 4
839 703 13
547 102 10
286 861 -3
932 384 13
28 661 6
221 645 15
182 244 -4
232 740 -7
820 403 -9
758 537 16
488 261 12
922 842 -6
197 6 17
0 800 14
252 555 -7
266 498 16
879 2 19
396 147 -8
791 358 19
536 109 -4
179 1007 5
540 932 13
855 711 18
319 124 13
437 81 19
326 825 4
564 860 2
992 42 7
53 220 -1
297 936 4
790 94 12
720 39 -5
971 183 16
277 691 -2
50 920 2
547 103 -7
866 527 -9
373 966 18
169 282 -7
58 763 19
759 223 10
255 110 0
226 543 20
10 303 7
401 253 -10
799 285 16
295 315 -5
686 740 2
899 872 14
927 540 -2
638 968 -3
47 46 1
225 720 -6
923 208 7
457 145 -7
914 305 2
63 870 16
932 304 20
288 959 2
547 55 19
433 486 -5
818 902 10
878 4 18
512 534 -4
510 481 -3
335 613 -5
586 262 3
999 192 -6
550 846 -5
641 234 16
535 782 8
68 43 16
790 851 -4
1016 310 6
95 1009 1
885 355 16
426 80 11
1016 810 -3
107 318 -10
352 1004 4
739 301 5
904 868 15
550 936 -9
55 349 -3
105 996 0
347 634 -8
818 949 -2
649 825 7
322 848 -10
509 118 8
587 935 20
140 784 -7
724 56 13
322 145 11
220 682 -10
169 214 14
536 406 5
235 306 15
735 319 -6
840 899 -2
288 44 -8
154 41 -6
249 743 17
477 1003 5
203 329 0
760 807 3
213 276 -10
307 479 17
710 215 -7
36 129 3
961 844 -10
759 899 11
965 680 14
349 37 0
902 158 11
647 753 -1
515 769 -4
499 220 12
395 585 18
252 527 14
1015 615 12
362 449 -3
44 938 -1
116 173 10
855 169 8
752 1 5
600 871 -3
677 226 -10
81 814 0
513 212 -10
361 473 -1
670 423 20
264 639 9
87 955 -10
327 190 11
479 948 -6
333 791 -8
279 250 9
703 30 -8
156 154 19
670 361 -4
314 88 16
32 125 -6
332 33 1
99 306 4
312 22 13
23 579 2
888 995 -5
103 1 1
1019 44 13
716 616 -10
450 297 -5
916 771 8
770 458 -10
316 98 4
820 261 2
754 19 20
980 782 20
729 339 0
970 688 3
226 512 14
679 770 16
351 110 11
65 37 -10
662 33 4
593 472 13
760 170 -1
288 253 13
468 278 8
366 360 20
659 938 12
263 909 1
747 224 13
210 489 18
641 490 -9
568 61 4
756 547 15
817 750 5
336 46 5
866 811 8
589 698 6
524 164 -2
236 551 -6
949 0 4
850 891 5
990 330 9
1011 615 12
546 16 -4
350 844 -7
902 752 18
343 902 7
1009 696 2
1 358 -5
247 371 -8
570 661 -6
648 1012 -5
642 743 -10
798 184 3
517 707 6
122 319 16
919 926 4
788 807 18
202 589 -5
462 175 9
355 530 -3
132 107 12
987 170 11
912 592 7
432 723 -3
862 103 4
170 503 -1
669 960 5
621 773 17
700 635 4
483 928 1
427 523 -10
618 553 6
276 248 -7
712 591 -3
662 456 -5
593 813 16
415 223 20
203 281 15
754 371 16
488 182 -6
776 481 8
881 487 6
972 525 3
388 172 7
857 659 -6
613 801 11
195 497 11
976 775 2
289 241 -6
475 673 11
583 505 4
960 984 -10
489 789 4
295 470 11
815 209 -9
719 154 4
473 56 13
925 823 -2
385 154 20
895 185 11
166 489 -3
938 234 -1
637 706 18
18 355 -3
958 395 17
51 180 1
490 546 9
389 142 19
438 532 12
45 292 2
164 857 0
717 841 5
755 515 16
125 1018 12
614 871 20
85 839 -7
919 418 14
17 477 10
723 140 -5
950 936 7
686 381 12
575 829 5
459 355 10
952 266 -8
665 289 -5
861 645 -4
748 569 11
137 207 7
697 537 -10
928 901 12
101 178 -2
60 944 13
607 805 6
57 29 -10
258 415 18
900 898 -3
243 957 15
685 558 0
372 281 16
688 71 14
868 965 12
629 701 -2
225 225 -5
746 119 4
719 913 12
214 616 10
171 251 -5
939 143 3
114 27 -3
769 782 16
900 648 16
129 475 -2
722 898 1
621 697 19
946 228 -6
773 127 1
42 454 16
884 975 15
158 256 -2
278 204 15
535 450 0
556 633 -5
931 768 13
858 960 14
641 617 -6
391 850 -5
20 536 2
1014 733 8
460 69 -6
174 851 2
654 674 4
396 815 12
575 812 0
665 254 13
895 644 -1
629 920 3
180 67 3
1011 713 -1
246 961 2
64 606 -7
641 56 -4
812 716 -5
941 348 19
873 502 -6
165 442 17
734 942 1
851 628 -7
861 273 5
54 60 -1
612 716 13
542 925 17
686 487 15
10 747 -7
184 939 -9
913 635 20
915 194 -2
931 1004 12
397 160 -9
649 933 1
162 462 8
864 986 7
173 189 -8
654 696 -6
464 543 12
481 383 16
916 766 17
87 185 -3
424 3 -4
698 465 7
332 692 8
414 176 0
714 650 6
604 47 2
138 304 -8
37 641 -1
423 82 -5
832 732 13
10 179 -5
8 12 16
634 406 17
84 955 -2
295 149 12
324 136 6
905 377 2
170 332 -4
189 692 16
136 540 9
925 654 3
94 998 18
579 544 -1
826 447 6
191 683 12
711 822 -7
291 771 9
716 337 15
820 496 9
482 1016 5
92 981 -6
833 1017 -3
186 274 12
762 499 -4
90 961 8
250 192 13
3 747 14
156 570 0
789 593 7
453 878 4
113 326 4
441 416 11
616 97 10
295 932 13
531 231 12
541 891 4
179 577 -9
1000 570 11
480 217 13
15 157 15
947 811 -6
735 219 8
562 252 -1
841 656 -1
416 488 -4
255 989 -2
900 974 17
282 784 -2
135 702 5
162 613 5
367 888 20
472 973 2
1002 668 4
21 187 -5
994 539 0
907 609 14
149 904 0
355 234 8
161 347 14
472 143 5
706 583 -6
357 412 8
256 300 8
811 190 15
624 334 0
521 819 4
992 476 -9
807 692 2
512 233 1
994 811 9
1001 353 -2
594 150 10
785 169 3
752 431 18
520 996 11
764 32 -4
412 530 7
688 377 7
43 909 -4
879 32 18
338 133 -6
359 493 -2
59 911 -3
349 568 8
309 618 3
682 888 10
858 631 7
646 212 -4
372 930 18
305 550 19
350 945 -3
680 360 0
908 299 17
989 642 4
141 90 -2
683 750 17
155 532 9
518 178 13
409 845 8
268 159 8
519 419 -9
777 466 -4
989 103 12
906 240 13
79 709 1
273 912 11
473 797 -4
527 207 -10
48 181 10
805 520 -10
491 64 -7
737 798 1
507 240 -9
626 993 8
847 783 7
8 112 20
821 600 -5
729 168 15
857 381 -3
513 770 10
624 422 2
700 363 -8
753 964 11
932 764 -10
360 788 0
516 921 11
78 810 8
851 744 12
353 330 -8
118 537 6
246 17 19
356 114 4
447 393 -10
822 168 20
1013 836 -9
975 353 8
230 279 7
411 375 -1
92 640 -4
795 213 19
852 1002 0
309 260 -9
1020 65 -5
133 194 -2
251 151 11
284 56 17
611 718 15
370 940 3
228 380 -4
122 194 6
23 647 7
23 676 18
769 812 -10
91 946 1
529 877 -1
357 899 15
81 26 11
179 601 -1
381 498 14
58 868 14
313 393 -5
176 351 16
943 769 2
454 358 -2
545 435 5
577 548 -8
615 848 5
826 419 -9
590 823 10
230 604 -3
73 485 14
183 107 -4
255 456 -9
953 485 7
406 486 6
373 452 14
202 19 10
701 747 16
303 933 14
306 294 11
311 752 12
869 63 -1
460 235 17
733 371 20
670 460 16
103 499 1
888 132 -4
131 308 14
61 86 6
195 57 -5
336 266 8
120 794 18
156 360 3
525 124 19
892 758 -8
970 692 -4
37 823 6
514 191 1
365 483 11
482 364 2
510 190 0
842 310 -7
87 292 19
379 967 13
810 103 9
394 35 -4
497 905 -1
712 733 1
991 1019 5
173 1010 -3
876 621 20
736 533 2
809 460 1
882 918 -1
176 2 18
109 293 0
191 799 -6
313 293 15
989 225 -6
404 585 19
292 991 -9
777 689 12
257 204 15
806 195 -2
2 895 5
997 362 -5
533 709 17
264 914 1
194 815 4
81 753 1
829 85 2
991 118 -1
367 323 1
287 254 11
832 21 3
0 802 7
972 480 7
381 820 -3
69 896 -8
406 195 19
179 231 14
67 835 -9
208 1019 9
532 945 -8
432 294 2
121 832 1
251 804 11
734 884 17
221 189 -6
295 576 9
1016 603 14
306 249 -4
768 717 19
96 827 -8
454 398 10
859 789 4
994 615 -10
400 542 -7
306 329 4
793 826 14
241 691 -1
773 817 -5
529 1021 15
330 631 17
536 95 4
700 171 -10
955 655 10
733 693 6
222 74 14
621 659 10
971 36 10
760 47 16
445 880 -4
728 217 1
276 298 15
615 818 -2
964 24 5
593 948 20
742 425 2
72 534 18
624 60 -8
649 573 14
129 715 5
1012 892 1
454 312 4
415 844 -10
217 938 7
48 201 7
180 183 7
614 146 4
652 345 0
916 226 1
425 729 6
1016 1016 10
32 564 -1
570 809 10
370 424 3
122 822 -6
129 107 19
170 695 2
87 445 16
817 438 -9
953 972 -7
5 474 15
374 45 2
453 170 4
1008 720 3
880 464 -2
94 441 18
211 363 -2
679 745 8
707 709 -5
239 822 -1
953 532 6
560 10 3
627 11 -4
368 825 1
925 95 19
881 886 -3
187 152 20
753 263 17
447 702 -9
985 460 10
17 964 18
995 187 -4
256 957 -2
930 82 5
711 579 4
245 184 -10
689 918 0
72 385 -1
0 863 16
48 81 13
672 22 9
840 210 16
469 634 18
597 951 -9
608 687 15
285 455 -8
200 196 1
630 290 5
983 220 -10
119 571 -7
104 824 12
979 834 -8
781 700 -7
446 1006 7
325 220 -2
502 231 20
819 1002 19
710 331 13
22 312 5
785 495 10
754 666 17
723 379 5
552 791 -4
151 368 14
1014 249 -7
719 943 2
778 892 10
536 295 -5
441 197 -9
457 425 10
886 231 5
609 543 -8
915 298 0
433 396 6
385 713 13
723 676 18
513 735 -10
81 741 -6
518 324 15
259 362 6
821 640 11
143 761 -9
847 295 -8
659 505 16
735 302 -6
993 79 7
260 40 -6
848 603 -7
313 869 14
16 384 1
345 355 2
395 520 8
344 541 -6
304 830 11
882 530 16
188 529 5
689 547 19
991 419 -2
794 654 20
596 651 11
490 440 15
956 187 7
420 902 13
225 318 19
226 106 12
554 83 -9
32 893 -3
360 398 13
514 306 12
326 771 17
706 137 8
766 425 17
709 719 2
805 121 14
398 586 -5
168 241 18
389 609 -4
338 775 -9
584 39 -3
372 940 -6
647 73 17
135 111 11
922 975 1
728 1001 6
73 831 -6
170 493 12
391 1007 1
330 949 18
779 436 -2
266 901 9
783 816 6
800 126 6
923 361 2
218 654 4
291 884 -8
425 967 19
357 336 -9
1005 895 10
714 336 13
139 268 -1
953 418 18
946 760 -4
660 972 13
862 247 19
606 576 18
115 532 19
319 89 1
394 452 15
344 846 -6
713 492 -4
423 786 19
93 242 20
1013 14 -3
355 622 7
499 822 2
879 555 -2
797 1017 0
759 96 -10
509 997 -4
826 884 -5
730 547 -7
136 687 -4
769 282 15
500 663 8
805 720 12
985 764 5
137 233 14
688 976 -1
1011 850 -6
560 360 16
664 249 20
693 439 4
128 37 9
847 926 16
277 67 -3
284 621 9
473 332 8
175 801 8
121 268 -1
176 522 17
175 237 17
255 728 -5
955 799 4
1 581 -9
602 43 6
988 982 -8
891 591 -10
969 868 9
300 579 3
465 366 13
622 300 14
900 614 19
1015 489 -2
145 119 -5
777 4 14
74 111 16
224 228 13
882 475 10
625 29 -10
495 883 9
870 488 7
45 101 3
161 816 -5
605 38 -9
429 179 -8
980 459 2
476 807 14
816 290 2
271 106 8
19 762 15
341 539 -4
402 858 10
484 53 8
170 929 14
284 648 20
89 958 -2
656 536 -5
298 255 12
843 978 -10
94 558 3
461 20 -6
751 1008 14
113 764 0
799 420 6
58 894 -7
861 566 16
830 934 14
920 413 0
292 670 14
606 772 10
368 328 17
349 200 -5
660 139 5
283 720 2
509 172 16
508 241 18
152 837 8
249 600 -5
129 433 -6
145 47 -3
981 19 8
726 245 -5
489 318 7
937 844 11
845 543 7
644 543 10
608 899 7
348 372 -4
365 847 -4
645 577 -4
122 631 10
421 289 10
89 869 3
9 702 17
415 141 20
772 581 7
379 345 11
804 323 19
953 952 8
342 441 -8
73 757 -6
851 591 -7
32 162 4
755 485 13
86 690 15
49 767 -6
965 551 -10
9 177 -9
667 978 13
629 541 -3
157 280 18
55 683 9
518 191 -10
304 107 5
79 45 2
621 888 4
835 930 -4
836 44 -2
33 74 -6
770 895 14
970 325 -2
294 1012 3
544 246 11
23 723 -4
40 557 2
726 176 4
910 279 15
42 354 2
402 499 12
543 760 0
145 1011 0
765 91 -7
678 226 -2
267 915 -4
280 611 9
169 228 9
900 983 -9
169 843 -1
783 88 -10
765 1020 -1
269 596 -4
2 498 4
455 659 10
284 942 9
889 741 16
856 180 14
671 160 -10
341 375 9
30 438 -7
929 927 13
759 788 11
325 504 10
638 373 12
579 623 14
854 519 -5
43 478 -9
146 613 0
272 158 15
984 979 16
906 17 15
598 963 9
644 171 -4
478 13 7
517 284 7
149 861 19
573 682 -5
752 707 -2
118 989 6
757 879 -2
442 524 12
246 1015 10
335 877 13
325 704 13
343 687 8
919 860 13
565 592 17
5 765 16
392 296 4
752 79 -5
986 736 11
54 341 -9
85 591 -7
888 536 17
27 246 15
611 341 5
789 523 11
818 98 8
601 218 -6
239 516 10
110 351 -9
21 1015 18
540 876 -6
416 322 1
652 949 -8
952 959 -2
997 915 6
620 349 20
417 874 13
65 506 -9
82 230 18
387 244 0
668 409 10
655 445 -6
376 921 0
156 272 5
556 299 19
421 170 7
637 426 1
899 384 0
1015 286 -8
858 243 -8
372 331 3
482 885 18
535 533 -5
574 912 5
892 145 18
79 605 -2
213 800 -9
206 703 16
795 605 8
151 771 16
680 461 19
476 188 16
215 139 -1
328 231 10
112 366 14
568 706 15
533 857 -3
132 475 -2
494 428 9
930 65 10
567 537 9
516 990 13
647 76 7
244 608 -9
496 282 -6
106 316 4
570 575 15
906 949 0
233 211 15
459 742 1
733 1008 9
501 66 -3
410 592 3
892 270 14
415 201 0
992 435 -9
865 226 -6
283 518 2
186 518 19
834 982 -3
743 257 0
737 858 13
375 190 -6
709 347 0
179 132 10
806 299 17
615 814 -2
373 204 20
527 5 14
821 974 -9
478 328 -2
940 462 9
26 397 -9
849 933 9
179 123 -6
316 665 2
302 135 -4
519 828 -8
311 707 -4
222 437 -2
116 739 1
693 934 7
626 244 -2
218 1014 12
964 904 1
858 793 16
933 67 -9
247 697 -7
962 511 -7
415 456 13
1019 789 15
421 607 4
565 862 7
806 256 -5
657 267 -10
104 266 20
682 113 -5
274 134 20
680 589 20
391 407 19
329 303 2
726 559 8
40 533 17
757 731 2
1014 347 -5
66 959 11
88 127 4
127 800 8
427 632 11
714 775 10
732 911 17
311 994 -1
20 755 13
536 57 -2
751 899 3
544 453 18
875 651 -8
981 654 7
225 602 1
538 218 -9
150 3 -8
691 794 -10
978 676 -2
783 275 10
382 10 0
190 494 -4
943 396 12
94 771 -2
945 362 -2
227 367 8
877 34 3
647 217 -1
315 623 3
961 1013 1
900 1005 3
23 926 2
961 922 3
942 935 4
175 688 16
982 174 5
478 902 9
12 149 19
737 379 3
47 884 6
705 25 -5
974 278 4
138 757 20
991 873 7
7 239 -3
837 100 0
523 232 -5
993 590 -4
469 771 12
303 885 2
374 268 -2
664 680 0
314 415 16
769 27 -10
649 280 -3
62 636 11
195 133 -10
115 606 -8
749 518 8
140 588 -8
862 862 -9
588 25 18
682 678 13
426 81 16
371 610 17
111 723 -9
238 357 16
88 1017 -2
64 72 -1
806 991 11
255 350 -4
349 419 13
884 368 2
941 694 14
892 673 17
48 665 16
271 78 12
1 403 20
987 451 -5
740 333 14
889 793 1
490 80 18
542 678 -8
857 472 3
480 692 -3
326 384 19
216 648 -1
416 687 4
725 732 17
408 461 1
863 337 8
942 423 9
297 915 8
720 402 -7
83 537 0
580 298 17
773 971 20
347 188 -5
78 760 2
797 443 8
840 342 14
366 221 14
236 18 -1
89 935 12
293 525 12
398 401 6
1021 481 3
297 268 3
508 575 -1
99 789 -4
777 708 14
956 15 18
375 92 15
445 804 -9
772 967 -4
105 345 -2
1000 482 13
743 20 5
82 181 4
540 723 18
738 390 19
555 561 -6
765 859 19
5 673 14
21 678 5
421 857 14
821 542 7
127 611 11
623 494 17
331 217 -4
520 447 8
318 682 4
367 841 3
60 902 -1
609 621 9
188 696 -4
715 266 20
329 542 9
582 11 -1
229 124 -1
581 91 16
705 479 -6
77 450 -3
768 205 9
970 741 1
384 360 -8
351 202 2
224 997 9
972 447 8
826 464 2
689 629 20
843 543 -7
480 412 14
3 517 7
1022 380 1
426 244 15
410 48 -9
802 102 -9
521 653 6
754 51 -6
424 738 -5
791 674 -2
338 19 17
978 896 1
301 696 2
234 979 7
279 328 18
541 15 12
863 382 6
693 213 12
653 120 0
377 672 18
355 56 -1
372 748 17
95 151 6
329 445 17
616 714 18
523 149 18
615 518 14
983 50 8
513 230 -8
408 172 2
427 672 19
709 973 -6
199 53 7
250 959 11
154 267 16
181 87 -1
815 968 9
929 944 -6
903 829 -5
54 722 -4
680 192 18
407 401 -8
358 76 -9
1009 243 -7
249 59 -9
206 443 17
197 378 8
21 226 14
472 642 -3
428 560 -9
268 640 11
255 304 -8
718 880 6
724 818 13
1016 281 5
813 280 6
329 37 16
54 547 -8
852 978 13
101 250 13
770 492 6
345 671 5
762 16 -4
544 788 18
145 617 17
742 471 -10
777 865 13
316 130 -3
589 262 14
888 48 4
616 7 -5
738 632 9
873 414 14
931 284 20
378 194 -10
692 957 19
843 107 10
322 311 16
290 989 19
570 618 14
303 813 6
516 676 6
506 379 16
398 484 20
509 923 5
312 937 -4
974 290 11
326 279 -2
102 782 -8
216 905 14
350 647 17
418 244 -9
837 875 -3
468 417 17
85 411 4
758 812 -2
563 336 19
928 710 17
387 471 10
857 301 -7
107 898 18
768 221 6
354 195 19
398 861 -4
480 918 -8
18 187 -9
200 972 -8
306 149 8
669 991 8
924 574 -3
488 327 -10
38 480 -9
92 663 1
918 684 14
398 192 5
319 628 1
616 592 -4
762 330 17
155 648 3
44 1008 15
951 923 -8
202 576 19
446 637 -7
678 728 17
834 1018 7
611 940 13
883 539 -8
734 845 -9
679 515 4
256 260 -8
577 450 0
803 528 13
770 725 6
657 176 -8
815 329 14
722 441 3
8 192 2
445 999 19
647 964 16
131 51 -7
356 815 -2
308 201 14
718 657 7
369 122 14
598 984 -4
570 701 19
2 936 10
553 152 -6
904 295 11
624 269 8
789 804 18
117 989 12
819 486 17
229 959 -9
426 12 9
650 350 20
882 561 19
604 693 8
526 102 -1
881 687 16
741 409 12
222 776 -3
889 125 -7
178 739 2
906 663 -5
643 672 19
645 369 11
327 452 19
983 818 -8
892 535 -9
494 768 -6
447 847 19
539 755 -10
868 208 9
908 147 -3
433 882 -6
533 521 -6
456 850 20
397 396 8
612 520 17
213 440 18
499 1001 -4
1014 205 -9
699 789 3
723 519 18
510 383 -3
603 907 20
101 829 8
77 169 14
280 183 -9
477 853 -7
581 138 -2
997 299 4
274 842 9
868 863 -3
31 863 12
890 606 1
813 422 -5
542 275 5
900 950 -9
837 262 15
39 708 1
567 985 -10
511 673 -10
824 964 2
899 586 17
985 37 2
128 1023 -8
658 65 9
535 225 3
615 450 19
8 125 0
454 412 -8
987 727 17
1013 349 4
917 975 1
654 20 -1
240 247 1
265 340 17
848 815 -4
586 505 8
495 936 14
152 447 -3
244 23 14
670 463 -9
883 68 20
59 959 6
385 826 14
74 452 14
233 186 18
177 6 13
34 967 -6
75 84 -9
661 358 6
665 167 19
602 737 6
819 569 15
744 303 19
879 543 -4
373 857 8
709 408 13
769 994 3
711 930 5
302 429 17
468 618 -4
640 718 15
969 682 12
924 69 13
605 39 9
658 928 19
749 445 1
610 1004 16
482 185 15
56 384 15
1015 638 -2
278 140 14
8 159 -3
474 108 18
52 758 19
241 557 -10
883 96 20
13 723 5
245 547 17
439 560 4
225 818 5
416 372 16
588 961 10
1001 199 -3
133 747 14
748 377 -2
517 856 9
41 695 4
421 295 -4
92 206 19
743 646 2
1005 849 -7
119 442 4
58 199 4
44 653 -9
871 686 16
567 600 19
955 754 -7
317 287 14
179 42 20
908 898 -10
845 56 -6
434 104 7
66 290 7
284 691 5
543 570 10
393 604 13
645 1009 0
621 458 10
242 746 3
420 834 -10
733 807 -6
766 954 11
30 615 0
136 897 -9
963 267 -3
422 625 16
231 797 5
852 169 0
51 851 4
555 517 -10
513 29 1
767 452 -8
605 802 -5
294 292 -9
864 441 2
469 734 5
910 322 12
533 701 20
324 100 9
307 978 13
347 674 0
961 235 11
644 456 -10
897 598 -5
16 274 -2
722 289 9
538 39 18
624 841 6
599 60 -10
687 411 5
1007 1014 -2
373 827 -8
556 741 -3
155 3 2
232 950 9
133 573 1
768 101 -8
269 355 9
561 534 3
786 746 18
299 612 -3
847 842 18
967 582 19
837 181 -4
663 726 3
857 577 -7
587 669 -2
380 373 18
170 569 -1
495 368 16
5 366 -10
6 557 -5
883 524 -6
760 908 4
310 39 16
796 800 -9
536 914 -8
545 259 -6
931 170 -1
291 789 -7
127 712 11
434 874 -4
350 240 19
800 486 13
571 419 12
943 550 -5
726 218 19
379 590 -5
696 910 7
306 89 10
33 602 -8
248 755 7
682 290 2
8 15 -7
392 962 5
1010 689 14
690 39 17
649 681 19
851 107 20
985 41 15
849 971 10
444 648 -2
214 906 1
749 138 -5
530 289 -10
426 509 20
699 333 -7
572 414 15
1011 988 20
2 880 20
145 573 19
985 791 7
275 843 6
237 720 6
405 207 0
349 794 8
417 919 2
563 58 18
192 331 -2
674 524 -1
4 828 -6
143 1004 9
16 993 5
190 412 1
70 197 0
846 875 -3
794 265 3
318 784 -8
198 204 15
558 1010 15
208 26 9
420 212 11
30 48 4
372 542 6
142 45 2
802 831 -4
80 663 20
79 727 16
619 820 7
663 167 19
824 294 17
364 385 8
702 853 8
201 168 0
45 383 -10
473 867 -2
238 652 7
740 688 16
761 251 -9
543 87 -5
381 128 -3
819 975 15
1019 40 3
409 179 -6
855 676 -10
541 956 -4
409 645 3
26 118 12
86 657 -10
865 298 8
748 636 16
447 950 20
281 675 0
917 332 11
934 416 5
273 73 0
7 210 8
476 677 -8
326 295 4
862 177 14
926 978 -9
486 789 11
383 682 8
856 77 -7
0 620 14
557 288 -7
485 283 20
494 189 -2
959 286 17
621 129 7
216 518 3
362 150 19
999 497 -9
612 494 -8
949 779 8
715 838 20
843 667 -10
203 556 11
571 922 -10
356 585 -3
277 213 18
660 86 -5
827 753 -4
181 908 14
648 253 2
612 874 11
643 595 1
136 289 -9
23 751 -9
83 788 13
11 906 -1
848 548 4
427 287 7
482 958 -8
96 926 16
701 236 -9
560 506 8
572 471 15
593 470 15
675 630 -1
608 894 11
689 98 9
472 751 -10
524 781 15
724 280 9
879 706 13
75 155 -4
667 62 13
327 957 -7
129 452 -4
451 317 -4
547 1019 -6
300 75 11
781 1006 17
971 994 -1
647 269 8
883 33 3
713 262 5
332 129 10
980 190 3
407 1020 4
959 228 5
951 118 13
156 455 10
1003 276 -3
65 379 17
372 828 -1
148 119 4
805 118 16
814 37 12
395 874 -3
369 36 -1
299 164 10
614 558 10
145 1008 1
510 470 18
285 362 6
394 163 14
724 402 -4
897 50 1
674 515 -9
248 860 -10
969 164 -6
336 164 -1
118 364 -1
262 840 -5
692 775 -8
686 463 14
563 262 -9
381 1015 8
153 611 12
747 825 18
351 370 -3
344 108 18
867 677 2
955 562 -5
438 424 3
701 804 11
595 187 5
469 5 -10
185 89 19
827 353 0
938 398 0
975 353 -6
118 903 3
69 444 20
921 320 16
824 777 15
409 610 -10
1006 489 2
104 679 17
1014 954 5
179 356 11
487 972 -10
997 776 13
482 860 -7
713 175 10
181 444 9
527 536 17
162 876 15
288 165 -9
822 535 -2
259 559 20
453 169 2
71 201 4
598 518 17
550 206 1
292 509 12
612 212 9
780 912 17
147 851 17
887 174 16
194 27 20
155 740 4
199 1018 8
821 452 13
155 800 19
775 739 15
394 791 13
945 189 13
802 885 18
468 236 -7
544 145 -9
626 879 -10
211 473 -6
773 1004 -10
432 418 -10
722 828 3
1023 652 -6
596 676 -3
1011 717 5
986 892 -6
658 1014 2
173 316 8
801 543 10
91 294 -2
806 888 14
1009 520 6
792 425 -7
336 961 -4
333 144 4
744 409 8
462 572 14
627 906 9
281 563 11
390 519 -4
248 614 -8
285 230 -5
496 614 -3
354 380 -6
251 429 -1
354 266 1
142 30 15
627 4 9
275 10 16
364 999 13
91 857 8
12 147 4
193 424 10
792 859 14
1006 893 14
537 343 -3
633 734 19
974 918 -4
224 1008 -3
667 831 4
907 105 18
677 201 4
725 759 7
865 203 -1
338 1005 3
182 533 5
456 723 12
8 21 12
923 174 4
960 434 9
918 281 5
52 31 17
88 138 -10
765 606 1
206 82 5
527 351 12
133 314 8
578 520 17
182 979 17
258 392 -8
601 457 16
861 445 9
160 477 3
179 666 14
176 84 5
427 722 -6
623 1016 0
62 300 -6
952 3 17
1015 338 6
611 395 16
439 504 4
730 839 15
154 937 7
44 192 18
478 679 16
1003 596 11
975 913 5
814 406 -1
36 477 -9
915 481 -7
87 61 6
529 839 4
734 647 -3
764 542 -4
589 452 0
396 987 -7
967 612 -8
702 502 10
74 464 -8
626 524 18
187 977 14
778 646 -8
700 390 5
765 349 -6
178 729 -10
278 733 -8
387 183 20
857 117 -5
250 380 11
456 1012 -4
973 584 12
372 448 9
696 830 -10
421 239 0
563 478 4
3 584 3
161 1011 -4
507 917 4
787 718 -8
215 720 1
244 457 20
844 269 14
303 67 10
610 818 -1
954 662 -8
254 731 15
134 689 -5
132 1018 7
321 98 5
577 25 3
370 633 -3
154 578 7
213 311 3
63 761 16
514 988 1
200 464 3
961 552 -9
394 634 18
409 36 2
646 365 2
133 415 20
705 105 -2
711 17 -1
104 391 -3
600 235 0
132 923 1
871 897 16
818 266 5
224 264 8
666 616 19
761 611 -2
539 122 -5
47 689 15
97 362 5
833 733 14
608 852 0
257 419 11
629 631 1
800 187 19
524 935 7
308 819 -9
419 987 12
945 539 -6
518 1005 15
136 18 15
783 986 19
935 342 -4
859 814 -6
407 350 6
420 101 4
229 49 18
972 856 10
791 237 1
188 795 16
94 68 18
410 472 1
334 213 3
16 386 10
47 169 13
657 636 -10
980 575 8
225 389 7
1018 232 -9
594 140 -8
911 876 9
103 561 -7
900 290 -1
996 549 11
236 263 7
889 171 16
914 892 16
637 473 18
602 685 9
894 373 -3
256 718 -5
397 644 9
780 698 -5
147 481 8
546 653 20
12 369 -4
495 341 18
252 469 -7
606 1012 11
772 685 -1
232 701 5
464 448 -6
10 121 -5
865 937 20
81 213 -10
224 220 18
130 366 12
759 22 12
694 1006 -9
999 933 -4
653 246 3
211 253 11
204 723 -3
248 664 1
753 42 -10
198 541 20
433 538 4
35 304 9
852 652 19
559 392 9
874 681 19
617 285 11
854 683 -3
520 384 1
921 902 -10
482 454 2
1003 23 15
52 143 17
126 739 3
811 2 -10
253 647 -1
6 996 0
560 617 -3
21 529 11
322 585 13
20 1013 -7
27 707 10
908 992 13
89 489 20
317 849 17
700 622 -10
709 894 -3
811 292 5
248 965 13
412 959 -4
939 472 -9
640 270 2
734 435 6
394 564 3
138 956 4
992 386 6
378 430 14
796 767 0
252 781 8
172 970 12
592 88 -3
359 207 -10
20 66 0
891 654 11
298 128 1
253 737 -9
969 36 2
953 770 20
682 887 5
807 839 15
420 455 4
894 842 2
524 946 -10
355 119 10
172 200 9
940 561 -4
571 421 3
288 534 17
145 969 -2
587 10 -1
535 733 -6
952 261 -10
536 810 12
808 229 0
4 863 2
686 685 16
198 9 8
684 1014 12
182 320 13
40 902 -9
464 891 2
761 65 5
314 645 19
942 237 -2
65 523 17
842 650 13
72 317 -4
804 551 8
620 883 -2
395 123 1
712 475 -10
5 176 11
148 664 18
567 279 15
929 984 20
225 968 -5
217 459 -10
626 606 7
713 137 -9
793 832 2
101 830 6
102 65 19
905 61 17
216 384 13
472 452 17
482 199 0
527 410 -5
852 220 -3
240 461 8
304 384 16
58 825 19
326 24 -7
892 673 4
54 554 -5
417 895 -8
422 568 -8
898 986 13
463 162 -6
740 701 20
683 396 9
686 807 10
363 524 13
55 907 20
258 508 11
765 574 13
229 325 14
811 352 9
845 656 -9
170 289 -6
164 648 16
958 374 19
478 578 3
345 150 3
500 95 9
166 476 -5
692 7 4
130 224 18
933 461 1
729 732 -3
438 538 8
287 194 3
229 441 -5
95 655 20
302 139 -3
152 181 -7
602 924 10
604 701 7
648 776 20
750 616 -2
387 366 20
599 249 3
843 490 5
38 120 1
592 716 17
720 253 18
598 642 13
760 624 -2
767 366 -8
770 322 7
351 677 19
184 259 0
569 712 -2
500 483 -8
681 885 -2
644 647 20
876 767 6
197 435 1
773 881 15
942 949 -2
362 270 18
56 412 5
11 959 -9
363 159 7
834 56 19
381 570 9
664 184 -8
957 497 2
862 688 6
578 951 -2
394 436 17
925 619 -10
222 390 7
1017 1001 7
186 23 -1
620 158 -5
819 468 -10
619 681 -4
58 412 -3
668 230 20
1022 809 6
381 117 12
975 480 -1
410 935 10
810 821 10
577 841 -10
689 817 2
766 971 5
327 694 16
831 442 20
897 663 1
245 378 -9
41 930 -6
5 83 8
139 803 -9
493 283 13
448 149 9
1004 307 16
60 119 16
898 652 7
314 380 17
44 487 7
485 150 -10
680 157 -9
599 386 20
290 900 2
690 236 20
281 209 14
779 571 -10
736 264 14
740 672 14
1 855 20
857 15 -9
245 1010 -10
854 537 2
1000 838 -6
878 1000 0
382 799 20
814 462 9
479 792 12
1020 542 16
877 999 10
482 81 2
493 361 3
217 674 8
23 376 15
366 414 2
700 496 -4
471 617 5
4 626 10
211 928 15
639 701 4
485 539 -4
754 194 5
722 516 11
294 436 15
102 507 9
810 963 -4
233 321 -4
964 585 14
209 793 -4
7 146 -4
654 231 -4
320 893 10
137 438 4
962 177 12
170 295 -4
58 536 13
766 248 -4
131 734 18
344 931 -9
575 808 15
4 974 12
165 565 -2
990 887 -10
49 697 5
114 804 1
584 900 -8
236 135 -9
1008 725 9
254 331 -10
540 238 -1
787 522 14
844 702 -9
856 674 13
364 963 16
903 87 12
47 618 -7
388 905 10
872 157 2
793 494 4
518 575 11
892 903 6
439 446 14
878 969 13
111 783 16
774 441 12
60 937 20
132 228 6
809 598 0
465 637 10
39 1022 -1
615 265 20
823 690 -2
470 606 17
575 666 13
815 737 -10
342 162 -6
1005 579 -6
110 239 20
317 311 1
417 898 19
174 211 8
653 928 -4
437 911 3
130 710 -8
906 299 -7
625 607 19
830 486 -9
220 886 -2
41 706 6
821 523 5
248 970 20
885 489 16
517 667 2
969 261 1
446 670 14
937 965 13
583 429 15
187 466 3
925 806 20
332 566 9
992 143 7
324 1014 3
915 601 -8
991 109 -8
491 103 8
917 783 -4
396 358 -5
758 604 -3
66 276 -8
99 48 14
153 262 17
1000 943 11
606 154 12
432 383 17
882 5 -1
184 781 0
116 973 6
219 17 16
302 267 20
67 400 19
716 64 6
1001 4 -3
576 943 16
939 641 9
867 880 11
533 734 9
437 189 -8
259 855 -9
452 812 10
918 37 9
683 454 17
827 1010 -2
291 839 3
176 63 -7
532 1000 -1
845 787 9
187 128 -2
1022 395 -10
172 479 13
680 799 7
616 177 20
1021 959 1
312 332 5
732 788 9
903 54 18
986 388 -8
768 837 6
647 971 0
13 160 10
896 79 -2
142 28 -8
895 367 -7
998 154 -9
732 641 5
680 627 16
576 317 -4
655 283 20
115 962 12
906 383 8
663 893 14
246 973 0
807 922 -1
616 668 -1
399 448 17
401 700 -3
836 592 17
803 529 15
155 347 11
701 322 -2
721 7 6
585 804 -8
517 547 12
856 561 19
276 533 -1
338 865 0
662 361 -9
417 834 10
358 678 8
793 294 -4
134 312 11
78 445 15
313 657 4
152 370 -4
933 973 1
494 105 4
358 378 -2
488 239 6
714 855 11
641 694 -4
699 40 9
887 61 11
636 496 1
853 296 17
452 296 4
906 895 -2
223 474 16
291 774 5
472 930 18
1014 299 -7
736 509 3
105 323 -9
871 122 3
26 13 -7
675 672 1
9 684 17
386 426 14
800 157 16
812 615 8
547 339 6
683 990 5
628 386 -5
333 908 13
815 315 14
222 592 8
131 869 3
463 353 7
861 68 -1
222 230 13
952 1019 1
227 518 -6
560 856 19
196 137 13
435 76 17
714 102 12
88 214 -1
454 456 -3
715 585 3
451 631 11
976 62 -1
324 428 -10
454 397 19
309 945 2
568 797 -7
280 221 3
983 882 7
541 974 18
372 827 -10
797 245 12
216 599 12
185 452 0
645 515 -5
0 36 18
968 47 -10
884 768 18
679 306 16
326 772 -6
903 77 -3
788 739 18
682 195 20
670 190 -2
976 110 4
34 641 5
149 537 -2
616 349 2
630 263 -9
410 152 -9
888 110 16
388 625 13
226 208 -2
212 462 6
401 635 -5
607 487 12
460 912 2
689 303 9
162 360 17
827 807 3
824 42 -8
520 230 15
145 245 -2
959 623 8
179 488 -10
850 825 13
64 233 -6
446 623 -3
463 262 -10
404 970 1
174 955 17
331 36 7
220 642 -3
141 267 -5
590 638 -10
1020 249 1
488 802 13
32 514 6
167 530 15
893 795 2
504 453 -1
259 63 -9
45 392 7
856 28 5
647 237 -9
680 537 10
605 469 -2
515 459 -5
318 908 14
620 303 7
30 698 17
298 337 6
1013 271 19
1022 286 -2
599 242 19
318 143 10
234 168 18
785 639 10
204 413 -6
61 439 17
832 991 1
580 547 -3
829 749 -3
963 297 14
954 91 3
848 146 4
193 526 20
593 400 9
440 237 20
116 448 -8
351 602 11
988 572 -1
113 477 -8
797 273 14
494 445 8
408 960 -9
114 120 15
986 399 -6
557 612 -4
262 719 -7
342 473 11
894 618 17
293 429 12
571 339 19
966 247 -3
406 943 8
958 75 20
370 462 11
948 1007 -9
13 844 2
416 952 16
981 245 6
723 146 -9
28 580 10
76 224 17
903 394 3
857 49 -8
120 558 -3
122 10 3
756 634 17
760 680 10
182 755 12
436 521 6
861 823 -6
537 168 -8
513 199 13
51 675 -4
669 598 -7
858 329 2
255 616 20
249 65 -4
65 619 -8
842 719 20
256 918 17
47 216 20
455 292 -8
99 699 18
104 978 14
448 23 15
565 164 -4
840 276 -5
606 346 10
53 721 -10
221 801 20
832 759 13
437 99 5
466 940 -3
879 192 14
753 92 11
282 664 4
1010 267 19
831 944 -8
352 299 -8
127 723 -9
159 56 9
471 645 19
808 382 -4
966 282 16
629 469 10
191 214 6
1017 311 2
689 732 -7
696 900 19
140 537 -6
84 709 18
521 876 -4
435 724 -2
806 701 5
901 307 8
525 189 18
338 366 1
350 904 1
480 369 4
541 95 5
514 641 1
943 819 -4
831 741 19
422 186 10
456 362 -3
594 579 15
442 820 -8
592 649 2
416 423 -5
136 297 1
168 333 -4
869 664 6
280 1022 10
803 157 -10
982 951 14
644 961 1
44 232 -6
598 55 0
774 540 -5
391 291 -1
867 67 10
702 846 -9
427 533 17
433 165 13
553 568 -4
432 21 14
738 822 14
28 426 16
879 361 -4
196 243 20
435 604 -1
865 21 2
128 606 9
161 33 -2
392 54 19
647 895 17
550 49 3
778 394 -8
749 785 1
305 695 14
1021 632 15
40 734 -10
137 1000 -10
259 890 5
534 115 17
794 504 8
92 683 1
84 627 20
207 374 -10
442 370 13
314 462 18
538 885 -1
753 664 -6
945 901 -1
135 277 9
785 503 -8
522 412 5
189 805 18
51 925 11
45 464 5
269 287 0
576 860 6
248 302 1
578 51 0
295 514 12
12 230 3
211 704 13
753 236 17
227 538 15
109 525 16
448 586 18
725 987 14
384 22 6
887 199 3
185 466 -7
238 689 -3
658 175 -8
402 781 2
240 433 13
845 746 15
983 278 7
322 382 -7
843 550 8
256 10 13
347 666 10
59 51 17
544 30 -5
320 539 20
462 920 17
932 484 15
305 321 0
985 102 5
804 424 -1
938 316 -8
489 831 9
728 113 6
366 261 3
584 120 -5
984 604 -2
379 312 -4
1015 316 20
340 838 -9
364 825 0
85 686 18
162 791 -9
973 731 -4
242 996 16
704 374 19
387 971 8
611 85 19
459 34 -10
391 733 2
187 353 -4
840 340 18
498 252 18
723 283 -5
664 97 -8
309 723 9
941 903 16
854 970 10
492 709 -9
446 587 12
914 760 7
182 166 6
685 28 -5
730 266 3
701 487 0
316 134 14
718 765 9
940 464 -10
335 737 -8
189 155 1
348 943 -9
151 170 -4
298 52 9
712 999 -6
987 21 -7
642 275 -8
234 758 4
528 255 13
482 223 -1
359 584 0
806 342 7
283 4 10
756 1005 -2
546 491 16
487 39 2
43 222 20
673 6 13
887 219 16
616 938 -5
108 443 14
733 442 15
611 594 17
272 922 17
95 455 -6
160 404 9
423 319 -8
428 637 20
389 44 -5
702 900 -2
146 997 12
1009 41 9
848 844 13
775 907 10
270 436 8
48 916 20
838 61 14
418 935 8
237 870 19
91 992 18
630 645 7
678 769 8
629 349 -1
311 165 -8
32 23 17
506 597 -4
40 60 9
995 385 0
415 396 7
365 416 9
984 963 11
905 221 20
921 677 4
280 784 19
235 1008 15
866 513 10
105 769 12
500 807 14
490 82 -10
238 602 2
972 794 -3
694 561 -4
336 431 -4
628 522 -9
971 389 10
754 745 18
401 473 -8
440 945 18
743 106 9
112 614 -3
103 461 17
763 889 20
907 833 1
712 331 1
356 525 -3
56 359 4
174 206 15
324 558 6
948 318 0
156 736 14
967 350 -6
757 328 -10
818 261 13
70 889 5
1013 322 -9
278 349 0
174 285 -7
63 259 -6
622 908 12
929 494 0
380 188 -8
700 726 10
40 264 18
48 669 5
575 552 4
914 93 -1
198 893 -3
789 992 6
247 148 -5
249 738 -4
708 293 15
700 233 17
584 63 -6
132 667 -7
230 105 18
319 724 -8
525 207 -1
96 756 20
221 993 10
74 274 8
797 490 -9
204 541 9
827 650 17
817 788 19
603 534 4
472 982 -7
153 73 5
847 828 16
259 978 9
353 890 -6
5 672 -1
673 768 5
563 245 9
332 329 -7
689 430 7
162 95 -7
951 70 13
513 762 -5
217 364 12
360 136 13
537 347 -7
298 896 17
1013 806 18
767 968 5
1000 693 20
173 540 12
543 823 18
260 692 11
72 540 -5
486 163 -7
710 776 16
645 152 -10
186 824 -10
297 272 5
148 842 17
536 798 19
556 113 17
375 588 6
155 626 -8
58 834 -1
323 519 -1
127 60 3
711 885 12
1001 885 -10
487 884 12
727 779 3
895 197 17
388 783 -9
528 769 1
123 441 -4
669 906 -10
994 762 -1
975 934 10
389 996 0
912 805 16
944 924 18
671 295 -10
814 725 16
719 225 -9
271 4 13
1004 620 -4
260 461 10
128 1019 3
877 600 1
740 543 13
621 400 14
104 469 -9
931 382 20
893 395 8
91 819 12
790 629 1
79 9 13
198 436 -5
849 546 4
74 323 -10
116 101 -6
626 690 -8
405 372 6
683 515 -7
79 582 3
417 338 17
438 113 8
169 528 -7
123 333 6
241 750 4
321 612 -6
687 474 -6
840 252 -6
964 908 17
959 413 3
653 673 13
87 475 -2
211 566 5
497 458 11
36 114 11
633 1003 -7
1011 920 15
334 375 12
850 98 -1
969 586 9
806 735 -10
957 738 19
799 778 8
8 40 -9
740 207 8
911 3 5
553 834 -7
312 745 14
426 294 -8
959 475 9
76 289 11
635 410 0
708 560 20
108 764 8
406 308 15
300 409 -5
86 683 6
918 344 -4
617 1021 4
62 128 -7
177 477 4
536 846 -9
241 430 8
469 850 17
723 498 13
229 1010 7
968 550 4
802 744 20
575 154 18
646 667 -3
487 299 3
643 412 19
510 483 -9
211 434 13
976 745 -6
986 567 -3
757 339 16
753 185 10
505 171 19
813 24 -5
361 329 12
907 409 -3
123 471 12
383 166 16
463 149 2
852 304 19
1018 303 15
1005 503 9
216 596 13
956 794 14
983 582 -10
267 704 15
700 17 11
497 190 -4
404 832 13
128 895 8
453 537 -1
536 924 18
390 717 17
224 231 7
31 542 -10
716 725 -5
193 615 -7
968 908 7
223 15 2
215 1019 -10
64 202 19
64 206 0
80 310 10
815 794 11
340 180 1
844 266 -3
901 402 11
819 518 -7
846 990 5
723 767 -5
795 886 -3
294 742 1
623 569 17
693 126 14
333 354 9
235 512 -1
15 365 4
39 85 1
830 545 13
770 711 -7
12 142 7
849 380 -5
385 803 -5
450 34 9
886 33 6
810 897 5
1005 284 -6
728 1021 20
119 590 19
913 48 10
159 732 1
255 533 14
903 869 0
432 646 3
591 624 9
513 511 -3
465 662 19
653 728 1
471 122 2
237 122 -2
223 748 14
1009 63 6
768 461 7
154 1014 -3
909 139 3
893 838 -10
142 844 -3
603 100 5
43 554 13
9 470 15
910 4 18
259 575 12
1012 722 -6
319 96 10
479 391 -10
27 218 18
942 984 1
376 76 6
1023 651 7
866 1003 -8
418 792 2
470 930 16
535 962 17
645 88 4
190 371 20
162 503 7
72 763 11
287 64 12
264 394 1
487 665 6
566 121 14
755 588 -6
326 699 16
591 1021 -9
469 658 11
103 56 16
490 91 -10
60 103 -1
371 907 1
836 156 3
323 310 1
810 987 -3
262 435 12
940 1023 17
225 835 9
323 836 17
695 446 -6
347 285 -2
72 940 14
835 227 3
686 867 8
290 119 5
217 765 20
654 505 2
542 56 7
672 795 13
764 426 20
399 439 17
404 204 18
577 181 -1
146 198 -6
595 357 -6
636 6 5
892 214 -3
153 769 -4
869 465 -10
1011 188 -8
839 899 -6
32 483 19
747 506 -8
724 407 6
734 257 1
110 839 -10
1 765 14
252 805 12
693 222 -5
621 793 16
597 319 20
992 63 7
443 67 3
860 339 10
3 731 18
593 157 14
208 888 -6
692 53 17
434 846 -10
398 439 12
647 695 8
346 707 18
238 96 5
394 478 4
800 565 18
518 900 11
200 85 -5
127 409 16
191 366 6
754 888 17
172 340 13
435 836 0
1010 432 17
199 346 5
385 534 1
904 231 12
98 1002 19
708 278 20
263 979 8
201 84 10
471 438 16
47 909 14
876 361 11
307 387 18
369 419 3
768 647 -8
815 974 14
322 817 16
804 711 11
971 248 2
825 952 19
317 438 -3
884 900 -4
750 887 11
825 137 10
900 38 10
370 922 -2
764 251 -2
575 128 -2
536 940 15
246 365 -5
104 983 -2
923 541 6
875 290 -3
286 663 10
629 759 15
503 724 14
617 243 13
774 945 -9
349 860 19
179 757 19
453 309 7
200 861 -6
447 469 -5
896 731 3
648 514 5
182 151 9
334 255 12
64 339 17
471 22 9
214 60 9
183 894 10
796 847 -8
517 430 12
670 474 -7
722 636 10
229 203 5
728 415 -9
752 954 20
269 98 -5
943 766 2
287 180 -9
600 555 9
276 982 -3
427 964 12
372 333 11
388 528 15
964 756 -9
581 587 -2
589 309 -9
515 684 14
338 719 17
382 252 19
328 450 4
834 684 18
694 810 11
395 172 18
951 563 -4
963 117 7
93 626 8
685 259 -9
618 69 -8
670 431 -7
527 511 11
338 555 10
188 790 2
317 529 -7
30 652 4
620 956 0
736 63 0
339 366 -1
463 243 6
529 231 -5
876 812 13
797 256 8
269 812 19
84 482 11
37 701 14
988 1011 4
843 392 -5
98 659 4
525 290 9
146 820 9
954 41 -3
480 639 19
170 499 9
251 123 16
683 196 20
130 500 7
152 654 12
718 150 -5
582 154 -7
495 116 -4
337 181 2
309 247 -5
108 692 2
468 101 7
570 871 -5
137 128 -3
488 606 2
70 1015 2
754 510 -3
593 910 -2
733 485 1
605 852 12
726 394 18
381 835 -5
107 403 20
269 14 16
984 108 12
735 23 5
931 747 -10
583 452 6
128 53 -2
489 929 -2
429 33 17
80 22 -3
322 447 1
429 418 2
311 988 3
864 459 -3
258 908 -2
529 82 9
288 302 -9
382 321 -2
229 607 18
337 1006 9
100 979 10
154 532 -2
857 25 6
442 385 19
842 169 17
747 17 20
614 213 15
932 241 14
460 624 9
394 860 11
311 582 -6
944 589 9
839 706 4
335 480 9
227 335 20
323 598 8
867 852 3
491 503 -7
128 483 -1
322 587 12
67 878 -8
838 602 -8
105 287 1
270 760 17
496 424 5
283 842 1
206 421 13
450 769 -2
771 486 12
209 255 -3
893 571 -8
939 106 -8
657 918 -3
411 848 8
240 675 15
520 362 14
859 39 20
722 676 5
150 700 -4
771 113 7
54 460 -5
145 536 -2
101 985 10
1006 886 6
439 625 14
657 753 6
927 97 -10
449 646 -3
291 765 -7
327 323 2
227 423 14
468 393 -2
149 714 5
315 482 16
887 11 -3
728 342 -2
112 866 6
171 392 17
980 337 15
539 1018 19
519 122 12
864 328 20
883 320 6
252 68 14
907 51 13
207 50 -8
982 126 13
683 148 13
308 911 -10
115 583 -3
216 426 9
550 228 17
946 817 14
105 159 -5
569 187 -1
111 22 14
982 88 15
588 727 20
100 151 7
786 128 11
891 542 10
594 448 -7
130 759 3
726 949 4
955 748 -6
167 838 19
964 634 18
706 405 4
79 576 11
265 926 0
492 774 8
851 662 9
69 674 -7
164 947 8
797 102 20
506 340 20
1000 996 14
559 209 11
228 801 20
219 855 20
1004 409 13
71 402 9
646 920 8
708 291 -8
473 471 -8
523 9 10
138 867 13
876 389 5
441 48 13
504 301 8
906 236 6
1004 28 18
260 237 9
773 391 7
565 331 6
898 805 -6
715 140 6
2 798 15
680 100 2
132 139 19
291 892 -7
301 162 10
750 831 -9
417 557 8
980 535 0
21 472 -5
212 167 3
863 370 6
66 223 15
435 325 19
242 5 8
465 522 -10
667 253 1
710 798 -7
246 637 10
663 6 -8
65 246 11
622 366 6
306 585 -6
795 283 -6
890 431 -2
780 392 17
360 86 15
777 305 14
85 931 2
344 687 2
212 28 -5
783 562 5
735 98 8
450 515 16
378 450 16
982 784 -6
646 76 15
14 943 2
690 626 11
319 535 1
717 143 -2
298 336 11
752 760 19
482 629 -5
305 350 -3
850 423 16
216 161 3
707 263 6
90 115 4
103 386 -7
897 82 9
854 101 9
133 966 -9
651 487 -10
519 999 2
437 47 2
304 142 4
768 898 5
599 461 12
800 920 16
7 632 0
834 848 -7
823 738 18
181 820 16
270 806 7
98 140 6
404 652 9
112 510 -2
15 490 12
165 986 11
271 279 12
612 428 18
838 963 -7
860 946 0
969 84 16
570 566 0
843 920 0
773 526 -8
365 622 -10
235 164 11
63 691 -9
419 854 -5
382 783 2
697 279 0
58 384 6
858 651 -10
227 691 20
371 26 -2
755 133 14
845 690 -10
688 74 5
745 810 5
689 420 11
699 387 3
53 276 -5
940 130 17
624 400 -7
600 850 2
76 697 -5
522 555 -4
343 397 13
489 61 -8
478 935 20
328 68 -3
857 364 10
547 662 -4
438 432 4
289 653 -1
810 453 -3
196 658 10
906 740 4
383 314 12
356 629 4
753 819 15
583 171 -9
632 245 5
250 346 6
466 114 18
924 293 -7
139 564 -10
220 333 -8
363 688 -7
712 709 10
283 957 17
747 352 6
445 863 13
679 555 16
812 118 11
30 88 2
541 748 -10
763 578 -4
92 113 11
501 109 5
723 1007 13
247 666 20
547 310 17
286 832 16
246 917 4
785 7 2
846 338 -6
357 540 -7
134 844 -2
8 890 8
441 801 -1
737 625 7
202 944 7
306 798 14
75 728 -3
92 653 -7
747 181 8
11 438 10
311 981 -4
770 668 9
721 789 4
762 53 16
112 297 19
845 482 20
573 764 -9
358 414 9
621 358 1
815 55 18
552 1010 17
760 286 7
798 422 -2
385 962 13
602 520 0
562 615 19
301 987 3
683 761 -2
845 69 2
560 79 1
377 93 11
661 727 18
579 83 -6
956 424 17
719 688 0
973 351 5
933 869 -10
408 97 20
491 405 5
1016 82 3
926 107 4
7 733 -8
430 596 11
381 44 -5
248 888 14
925 915 15
927 840 1
624 868 19
566 627 12
839 742 13
167 427 6
188 483 7
241 764 9
413 838 -7
520 674 -6
916 196 -9
887 417 -8
358 903 11
671 907 18
538 589 13
161 577 -5
364 896 -5
90 390 3
849 557 8
500 447 18
897 744 3
507 65 18
832 504 20
1019 234 14
721 620 -5
270 7 16
359 479 7
227 172 7
362 787 6
39 779 7
102 435 12
343 882 17
264 982 9
352 497 10
747 540 -1
926 986 12
805 379 -4
274 925 20
475 533 9
242 163 18
64 178 20
210 63 2
964 171 13
290 464 10
621 625 10
687 926 7
387 758 8
106 798 -8
797 660 20
169 676 18
49 599 18
913 936 16
46 175 20
116 42 7
82 754 18
580 728 7
53 822 -7
877 261 15
576 622 0
945 657 0
522 208 15
732 848 -4
980 747 17
359 665 4
916 1015 -3
107 251 -6
854 580 16
109 332 9
983 212 6
742 403 13
934 390 17
160 382 2
58 345 5
821 851 19
428 175 0
594 432 2
285 926 19
406 876 19
764 682 7
543 118 2
410 640 16
798 400 -4
461 395 10
785 551 13
666 120 20
882 708 19
540 775 15
759 966 20
283 184 9
704 870 9
27 309 8
257 817 13
960 651 3
4 124 1
991 907 3
672 135 3
921 750 -8
889 63 14
585 18 -2
668 222 1
52 105 -10
348 487 0
821 236 4
630 549 13
739 307 -9
231 184 1
225 520 -9
511 86 -9
335 902 3
908 588 17
159 803 10
313 992 4
829 63 -3
113 34 -2
190 514 2
109 339 16
926 952 4
44 103 -6
949 237 5
653 589 14
221 233 11
192 515 -1
145 366 -7
459 932 5
100 701 4
471 999 18
160 843 14
633 212 5
367 946 2
320 917 6
605 960 -9
35 170 8
789 948 8
938 751 -1
414 257 17
234 817 12
403 57 -3
418 324 -8
253 494 -9
803 220 20
731 672 7
202 919 4
131 536 5
303 757 9
604 198 7
347 50 17
411 500 12
924 325 -9
18 1002 -1
988 363 2
53 862 -4
381 260 11
721 450 6
803 948 10
312 592 3
774 258 9
462 989 13
653 745 -6
558 482 9
619 790 11
366 315 19
121 724 19
554 389 14
761 711 2
850 554 13
266 772 8
1019 635 -8
628 313 -8
418 611 15
284 464 -2
407 410 3
179 601 20
408 357 2
390 677 -9
193 321 18
378 843 0
336 272 5
658 919 5
252 921 -10
151 532 11
206 644 13
953 551 0
693 272 7
64 643 4
592 315 2
931 849 -3
939 787 -4
426 100 11
469 100 10
94 729 7
161 778 -8
1005 743 15
1005 642 0
988 470 3
70 409 15
278 333 2
963 838 15
178 126 4
868 532 2
397 213 7
103 936 11
783 819 18
583 578 -3
426 998 5
352 76 11
506 718 -1
880 598 0
402 637 19
625 531 17
207 43 3
890 298 10
854 984 9
682 254 18
251 757 15
588 189 10
845 354 20
690 331 15
1015 946 3
383 751 15
688 737 18
595 714 -1
386 272 -10
17 634 10
119 991 16
326 639 5
546 113 -6
843 52 3
116 597 13
831 637 9
476 437 1
239 131 11
173 670 -8
827 1 17
817 583 12
678 288 -1
254 154 3
521 973 19
604 874 -3
680 783 1
238 544 19
23 199 11
203 964 13
428 221 17
976 681 0
637 210 6
218 43 19
530 284 17
797 58 -10
846 1003 2
470 942 2
78 284 8
784 402 20
286 390 2
49 742 5
151 1002 -1
387 404 13
463 41 6
513 638 -8
464 398 16
777 1014 -7
160 842 11
958 257 -6
438 639 20
587 811 3
886 870 9
316 994 0
587 874 4
423 909 -4
876 98 -6
742 976 -10
129 292 -2
774 974 16
153 549 20
828 59 0
42 236 17
509 672 14
289 885 18
143 546 -5
287 229 -5
39 418 3
894 786 19
762 542 20
431 210 17
961 398 -8
15 784 3
675 435 5
586 786 1
135 928 7
481 633 6
563 981 -10
622 479 -3
717 73 15
700 291 -3
402 185 15
720 194 18
224 788 5
624 462 -1
231 221 20
206 602 4
670 983 16
353 641 -9
975 858 -6
788 589 5
851 286 -8
592 805 -6
220 872 15
909 909 10
470 980 3
876 610 -7
336 305 -5
652 720 15
740 50 -4
664 184 2
282 474 -10
827 329 14
444 1005 20
254 481 2
784 719 7
323 939 8
763 410 -2
467 103 19
366 78 3
956 351 6
441 356 5
108 896 -8
655 822 11
342 3 2
739 753 -4
385 817 1
490 528 14
456 806 16
731 145 17
960 674 -9
335 350 3
120 66 -8
333 936 -1
916 190 6
609 803 7
108 762 -2
851 605 0
567 782 14
86 434 19
368 404 2
972 643 -5
1013 727 16
494 442 18
649 441 2
504 455 18
450 113 -9
945 914 10
408 363 -5
600 795 18
511 234 -2
620 961 10
82 70 11
452 353 5
136 474 12
493 720 4
607 250 19
717 859 5
512 904 8
1021 83 9
208 776 -3
