2048 2556
1763 941 -4
1050 1788 12
1329 374 1
995 1887 -1
972 1416 0
175 1417 18
1000 1622 -2
768 769 -1
1152 207 16
789 790 -1
926 1025 -4
1592 889 16
1289 150 13
1164 1954 -2
1423 1650 -4
759 760 -1
353 1310 20
1689 1979 3
323 957 20
550 1646 11
1402 956 18
2028 307 13
1725 1417 -10
455 1408 20
1171 235 10
71 1461 -9
1510 719 -6
1547 1186 17
953 174 19
1316 1732 -8
1846 1492 15
1466 1003 5
922 299 5
303 1863 -2
421 611 -1
1895 1298 -8
1426 901 9
1032 1106 14
465 79 8
823 824 -1
2031 1785 -6
1593 309 -2
1647 1576 7
610 716 2
1415 572 -10
1397 714 2
1526 60 15
68 384 12
762 763 -1
1299 1530 12
394 2001 3
325 1649 15
77 1074 10
1737 1424 -4
731 732 -1
847 591 5
800 345 8
1964 835 20
1293 660 0
1022 1976 6
590 429 2
1383 2045 -10
114 1475 -5
124 923 13
559 83 0
1979 1904 9
357 1708 17
1951 1771 -5
1319 851 18
566 731 18
512 1202 19
576 1416 18
496 170 10
567 1816 -2
1746 1240 7
1501 1641 16
1322 432 9
1313 489 -1
740 741 -1
1394 270 13
544 172 1
734 643 -9
1769 476 -5
1171 1061 0
1755 1205 6
151 347 -3
738 765 8
206 378 4
1900 1995 -2
1969 816 -1
1554 509 19
1343 804 -1
1141 821 5
1290 856 -4
359 1990 10
1140 1517 2
248 1565 -7
1140 335 0
1290 1160 -6
1154 1281 -7
819 820 -1
1138 1404 19
911 1591 9
359 730 -1
1501 987 1
1585 326 4
608 1865 -2
418 874 18
458 1387 8
1481 1622 14
870 433 15
272 906 -7
676 228 14
1716 302 16
1017 534 -4
1545 419 19
1021 1213 2
142 746 -6
1290 1880 7
1211 922 13
1742 1081 -5
14 1621 -9
142 580 8
1222 1536 14
517 1473 8
68 1070 3
45 405 -5
1303 121 17
590 896 -6
20 699 17
299 1582 -9
521 876 14
1313 576 -8
2034 1167 19
405 918 -2
441 749 -8
780 643 3
777 778 -1
688 180 15
681 743 17
1345 2021 10
1443 1387 10
1182 1227 -9
151 141 19
610 689 11
843 466 5
1873 1207 5
927 1282 20
779 780 -1
1509 1174 7
1205 1129 -10
1423 1350 1
672 666 -10
1147 393 -8
24 160 16
394 867 20
1752 1479 14
1869 471 15
1756 1256 -7
480 1240 17
1161 1397 -7
1873 1422 3
1632 472 4
43 581 17
796 797 -1
1519 1130 -8
811 1927 -10
941 1112 -1
1238 667 -8
249 485 -10
818 819 -1
488 503 8
1381 1941 -4
1768 126 -6
1611 1989 4
1407 942 0
432 1291 12
1885 73 -9
906 503 16
1868 90 -4
348 1337 14
982 1207 2
763 1768 12
710 711 -1
56 743 8
1200 1446 -7
1096 1608 -8
1667 613 7
708 959 12
1629 1963 10
909 1912 -3
1604 161 19
513 1267 12
761 762 -1
321 445 -4
737 1443 4
634 1551 18
930 1383 20
872 194 -1
956 435 18
658 1563 11
846 847 -1
1014 339 -4
1114 434 -1
745 746 -1
2001 1256 14
133 599 19
1343 1157 0
1255 747 11
1441 1129 2
847 848 -1
1801 451 -10
842 159 -1
408 1444 16
1268 1933 16
970 1442 2
239 279 18
770 771 -1
183 118 10
683 1567 6
418 1058 16
1452 1282 8
706 707 -1
446 1388 13
270 1779 17
1927 708 1
615 1044 20
546 1438 -9
966 247 4
577 988 3
843 844 -1
605 407 20
1946 762 15
1105 468 -3
1053 760 11
757 1840 -10
1816 1145 3
660 1025 1
1893 58 17
336 1706 -5
1119 841 7
1231 523 -5
1275 309 7
1229 854 -2
1835 360 13
611 1463 2
953 784 -8
546 387 17
541 1315 -6
850 2039 7
1276 97 16
248 1448 7
842 1896 -9
370 1331 7
797 798 -1
1988 210 20
1031 1132 9
821 822 -1
1642 791 0
487 1615 16
1011 641 18
1798 33 7
55 502 7
1033 1691 5
836 816 -1
511 1061 -6
1894 119 1
690 906 20
85 669 -6
1387 801 16
770 292 -8
1833 438 -10
1136 284 8
1951 263 16
869 1954 -6
1681 811 2
984 783 -1
1391 1862 14
1121 553 1
1856 1872 15
1306 770 9
1327 987 -2
1199 833 13
98 1048 15
916 520 -8
487 1943 13
1687 1982 3
1998 1130 -1
325 599 -3
725 1970 -2
1504 1277 15
552 1997 7
983 34 -2
807 1680 13
1786 864 6
311 1879 8
233 1206 18
1529 2002 16
873 262 16
1160 983 -2
1441 2008 1
652 928 10
776 777 -1
67 320 -9
735 736 -1
1225 1332 7
1294 399 -4
1612 856 0
1065 1290 12
1525 170 20
4 401 -5
1437 1954 -4
1853 685 13
436 1030 1
1896 590 4
994 136 -9
600 1147 -3
835 1926 9
61 110 -8
1365 1484 4
800 428 -8
1777 297 -1
1379 1022 14
726 727 -1
74 852 -6
990 1919 10
196 1267 -8
1632 1635 1
2017 388 14
503 1971 7
447 2015 8
1392 303 -1
211 1697 14
49 725 1
1236 1777 0
533 1248 8
720 721 -1
1797 1644 2
144 818 -10
503 503 5
1782 721 2
811 1083 2
955 510 -4
944 1807 -4
480 27 -5
748 749 -1
192 704 19
623 1551 3
877 825 5
1470 1112 -10
604 241 15
2001 1680 -3
2032 1890 10
1787 791 19
1418 1618 8
2044 400 -9
550 399 14
610 1864 -2
1197 360 13
1020 600 -10
900 1937 20
946 671 -5
2047 1080 -8
1633 170 -10
1986 1393 10
765 766 -1
1849 1860 20
1560 47 17
1959 1287 17
1291 133 -8
131 1221 19
905 287 20
1814 989 6
74 81 8
157 41 14
1010 1585 -8
601 837 9
1431 150 17
742 743 -1
1795 965 12
1708 1720 6
1424 357 15
839 840 -1
697 1103 3
524 1138 11
939 850 17
750 1586 4
383 1542 15
1601 1098 -7
1003 1601 14
1486 1912 5
1666 1485 10
809 214 20
1248 880 5
829 830 -1
1108 865 -9
1095 1727 20
484 1732 2
1723 383 -8
452 708 -2
1419 1633 14
403 856 -4
893 639 -6
251 1769 -1
866 934 14
1162 1859 2
963 1227 6
1242 416 17
513 35 -7
100 681 14
427 179 7
147 1219 -2
2029 883 8
754 1540 3
1127 1109 12
1414 160 17
1998 1491 -10
441 947 7
1573 468 6
862 937 5
1397 254 13
432 195 13
830 473 7
1643 1883 7
554 843 -2
699 700 -1
1694 1615 0
64 1644 1
1082 260 1
1634 558 2
1907 346 3
1680 55 -9
1472 8 14
853 701 -8
1048 1175 9
1093 1387 5
1715 419 10
804 1898 20
1603 1178 4
225 498 20
1584 1708 9
1210 1124 -10
1133 1189 -7
537 31 16
1800 480 11
538 1422 5
1154 1701 9
943 284 2
908 1150 8
477 530 -4
969 881 14
400 1682 2
1176 291 17
235 1829 18
21 1861 13
46 409 18
2013 230 4
121 1564 -10
1581 1660 4
1822 737 9
371 1719 -8
836 837 -1
376 1676 -4
500 33 9
1182 1268 -9
1289 1676 15
236 1863 3
862 704 -5
2014 333 -7
846 799 16
1335 80 -9
1663 961 6
61 729 5
1615 671 0
1070 1755 2
653 244 16
807 808 -1
834 1883 15
1399 1960 14
1197 1882 20
927 1386 8
208 70 16
1138 321 -3
1038 1752 3
1154 560 4
723 1473 3
876 627 -3
1092 799 -8
1947 1954 2
595 424 8
1030 265 -9
486 1498 18
457 1617 -8
1471 1694 19
226 1231 -9
1385 1561 2
636 1054 12
1384 668 1
1167 710 4
63 253 4
446 539 20
66 183 9
438 1188 -7
43 1956 16
1410 1185 -7
1245 1585 -4
134 142 16
1255 1623 -6
555 434 17
672 1731 9
1372 1304 -6
1016 242 2
840 841 -1
1864 1065 -2
1206 1405 9
1743 147 -10
525 1437 -10
1184 1261 8
90 538 6
1828 1669 -3
188 373 -7
642 1655 8
449 304 -9
1423 110 17
1813 585 18
270 1621 16
1481 986 -9
1639 439 15
947 126 -3
1832 1735 0
1435 844 6
223 1596 -9
810 1926 7
310 653 2
217 589 18
1118 564 -2
1877 2045 19
1050 1012 16
1292 1783 17
29 866 -6
483 6 -3
110 798 0
1612 172 19
263 1916 12
1572 1512 1
752 753 -1
1327 1627 15
460 987 20
1551 227 12
1931 258 -8
1527 244 7
327 612 15
1687 1112 9
1725 867 11
1271 1576 -2
785 1974 12
1840 280 18
104 554 16
1094 1893 7
1638 1684 1
155 267 -5
258 1763 -2
1703 273 -1
1847 1172 -6
1785 261 18
356 1784 1
951 1541 -7
1423 1032 -5
783 1252 15
960 1214 0
344 844 14
743 744 -1
1749 494 17
226 1987 11
1628 28 12
816 817 -1
325 873 -4
427 87 4
629 1557 2
253 1225 17
1378 1402 4
202 600 14
1884 1464 13
1828 339 -6
134 578 -1
188 834 -1
1855 809 4
795 796 -1
1008 1334 18
517 1910 15
1136 1832 4
732 1095 5
1420 190 -4
1455 713 1
1612 77 3
318 541 1
787 788 -1
3 79 -5
1896 131 15
567 440 18
520 1871 6
1926 1384 3
258 711 14
260 1229 11
1241 992 -6
1078 1036 9
1958 1313 9
1619 1480 20
539 1803 11
773 83 14
1310 737 19
1113 884 9
220 217 14
406 1351 18
698 699 -1
704 705 -1
479 300 8
1590 1261 9
1586 1899 0
900 1214 3
813 1306 5
29 1936 18
608 1756 -10
734 735 -1
734 1679 -5
998 1616 10
769 770 -1
237 240 -7
1315 546 3
75 1259 8
1285 1663 3
1229 989 17
407 1846 -8
1828 1738 13
930 1694 -10
164 862 10
708 709 -1
1697 847 6
65 1393 -8
383 1209 19
767 455 12
1734 1372 16
452 1785 19
2009 1012 15
1366 1145 16
1831 551 19
1499 2014 -8
1007 1730 14
507 781 -7
774 775 -1
871 1575 3
1123 176 1
1729 829 16
233 2002 7
1580 1591 17
788 1167 15
1256 1397 -7
1630 338 20
1982 10 8
1084 1828 -9
302 1199 18
804 805 -1
421 177 18
970 1805 7
790 144 13
1618 1468 13
1233 1035 4
1281 1526 0
1910 1475 10
91 1253 18
581 709 18
81 1789 20
849 698 -1
421 332 1
255 148 15
884 1634 2
766 767 -1
694 1359 11
1317 1712 19
1996 1650 20
739 740 -1
1664 1287 -6
1142 1683 -1
764 1460 -5
1154 1558 17
1695 402 4
1007 242 -8
1476 597 -6
1028 1128 -4
718 719 -1
699 1276 3
1314 1745 7
765 304 16
1717 1362 -6
1632 977 5
421 995 2
987 854 14
1224 790 4
1063 1093 -7
275 942 16
1984 677 10
1436 1062 10
971 725 2
1598 555 -9
587 1132 -9
1113 505 15
1893 489 13
803 1749 -7
169 1626 -5
377 1816 -5
1175 1612 5
324 914 12
2012 918 17
191 1317 10
759 1000 -3
1094 1252 14
1610 30 -7
711 712 -1
958 1733 -8
718 1873 1
705 706 -1
1782 291 13
1713 1092 -8
407 1552 5
359 799 9
1864 461 0
78 151 17
1239 1780 19
1343 895 13
1598 943 19
1338 1156 12
980 1948 12
123 369 12
1692 105 17
1770 1882 -3
705 2011 3
357 581 20
924 316 5
1424 306 -10
1757 1381 19
1330 908 -9
1194 986 10
840 362 -7
206 1211 5
80 558 -6
1370 623 7
1155 1374 7
314 856 6
495 1996 11
1453 751 0
435 873 15
935 1820 -4
1741 600 -2
1668 418 14
1591 1563 13
916 1784 -5
1861 497 -6
1636 748 2
136 955 -4
2008 218 12
1178 260 -3
620 96 16
1956 1535 -6
57 218 -6
384 671 0
1939 1287 -10
442 1546 4
336 1446 -3
491 792 14
37 1261 1
23 166 10
667 1578 6
1563 1758 19
383 1005 16
1105 1730 7
739 1156 19
1256 926 9
1545 1981 18
689 1582 6
1744 550 0
330 1945 5
1908 316 -8
1509 1684 6
1481 332 1
1835 836 2
1333 250 16
2021 1722 4
273 1953 8
879 289 -7
833 776 5
1061 1526 19
287 1580 -1
836 2012 -8
1290 1537 11
1788 1520 18
1341 640 12
1703 681 13
185 345 12
1620 159 8
355 1315 11
566 988 -5
1708 1764 1
1939 1661 12
1621 317 -5
1084 1481 0
306 937 8
1736 268 -7
2042 389 9
250 1501 9
133 999 9
793 1422 -6
1535 1640 8
562 1533 -9
1799 1640 14
1132 1024 17
684 379 4
1529 30 17
448 773 10
1620 1623 -6
1030 547 -6
189 37 13
729 730 -1
1085 1022 -9
805 1922 -1
1684 0 -5
1488 1386 13
731 1422 11
1494 932 13
1991 516 13
1606 181 20
719 1231 6
784 785 -1
1182 1417 -8
2025 1273 -10
155 1263 -9
703 704 -1
1133 452 -2
249 869 -8
1479 1793 1
1164 1623 -6
991 740 12
1668 453 1
1876 1720 5
960 310 0
1665 1391 2
669 1994 5
1377 867 20
1992 1857 0
1937 989 12
1757 1945 14
27 300 11
617 1175 15
1543 629 -10
737 738 -1
1513 1676 13
1121 373 -1
2020 1383 12
118 883 -6
1752 529 17
252 1888 16
186 1323 15
114 627 -9
323 1108 5
2040 915 3
1915 1304 4
148 259 11
967 564 6
411 683 11
1926 72 7
526 1914 12
102 855 -1
273 400 -6
238 170 8
1471 47 9
1273 226 3
266 1958 -10
1037 1127 5
1134 1723 10
1243 119 0
1684 1589 13
1097 1402 -9
836 656 3
744 745 -1
1589 276 -6
1572 1930 5
143 186 -10
576 601 16
1868 1180 -9
1162 10 -10
1205 243 9
651 1202 17
424 1227 2
342 1172 -9
886 493 6
1993 1252 -2
361 439 -1
1317 897 8
357 219 9
1455 132 16
1303 1334 9
606 716 9
424 64 -1
443 1224 3
512 1483 0
1921 296 -6
738 739 -1
1440 1862 16
726 722 10
1199 1375 10
689 147 18
754 755 16
1160 1519 5
122 2028 -8
430 960 11
1042 1370 -1
1376 1459 -8
2030 732 4
1184 1081 7
1626 27 4
605 1423 -5
1503 993 1
1603 708 17
396 679 19
1746 1790 -6
1396 1207 -1
1928 1658 -6
120 57 19
707 708 -1
1011 1467 13
1812 1625 12
1772 1559 10
111 622 7
1486 1737 7
255 527 14
224 1546 5
2002 413 2
750 597 0
714 1541 0
1762 283 3
539 2001 16
1599 1740 -5
1952 1706 -3
958 1679 16
797 519 4
1148 556 -1
209 1794 1
1906 804 9
482 1163 -2
1595 994 16
1675 1646 10
848 1164 -6
13 1255 3
315 227 4
1242 444 1
884 1321 -1
881 1296 1
1260 1549 -10
225 881 -8
360 1034 20
1521 974 13
1598 1215 3
602 1877 12
1045 1318 4
1946 1643 0
733 734 -1
1355 1343 5
237 1495 15
1790 1952 -7
654 1578 0
9 1826 10
598 409 16
978 1980 10
661 809 10
370 1624 18
1880 770 -10
1995 533 5
1190 1842 -5
870 1069 -6
138 1284 0
437 948 14
2020 1557 -5
1414 431 -4
1593 98 15
1748 1851 8
2037 777 -9
1072 692 -5
986 368 20
1662 537 20
917 1294 -2
782 783 -1
1202 527 2
1016 1777 -8
606 1412 -1
2029 1446 -5
1475 999 12
657 326 0
1494 1292 8
1988 1576 -9
248 1765 19
2045 1643 -3
441 671 5
1381 1067 -8
1428 2039 8
243 1962 12
1928 236 10
607 244 2
471 1030 6
1033 434 5
338 1525 7
37 1819 1
498 820 14
1742 1350 -2
1985 236 12
1227 1109 5
45 87 15
297 1315 3
1895 586 19
1023 1667 1
598 181 -10
752 1329 1
329 561 14
73 0 7
109 0 2
1996 1774 0
683 259 -4
134 1830 -2
140 1171 14
1355 1814 2
794 795 -1
1442 1313 -3
1051 2030 -8
1862 150 6
1991 427 -2
1173 2040 -10
564 1903 -5
1653 179 -4
1778 653 -4
817 818 -1
852 338 16
1360 118 3
1750 366 -1
455 1954 -4
579 491 -1
1831 1882 16
1193 2016 -1
912 183 19
1605 1314 18
1412 824 13
231 671 -2
2045 515 10
641 46 -2
1984 369 3
478 495 -7
712 583 12
772 773 -1
228 1373 20
1405 1076 -7
222 1451 -4
1290 1379 16
1985 2036 -10
1629 1746 4
29 1667 -3
365 937 6
1362 1210 18
16 326 -2
848 352 7
1487 1848 18
1361 2031 14
1705 1669 -8
1642 90 2
815 816 -1
1303 503 -2
1419 148 4
763 764 -1
1044 353 -8
1208 1031 -2
373 616 5
1295 1327 2
408 890 -1
1631 529 4
462 1023 -2
2020 1546 6
1010 277 7
2022 1520 9
1325 1215 -5
878 602 2
1430 1670 13
696 2007 6
1323 14 -8
427 1806 12
2005 141 -5
1515 2038 -7
1389 50 18
1133 678 3
1031 206 -3
1689 1390 -4
491 874 0
848 828 11
508 650 -9
638 1655 11
134 1868 9
505 979 0
1957 931 -5
215 1487 19
457 1632 -5
716 717 -1
1534 1486 -3
1401 357 12
1278 1021 4
127 1043 17
1854 1049 5
559 1606 1
884 611 -5
1899 1905 1
577 160 10
601 1479 18
1806 1818 15
626 1935 -7
1845 1675 14
785 786 -1
15 394 5
1959 1319 7
387 1099 12
1984 1846 -5
832 833 -1
970 1506 9
768 533 4
758 759 -1
178 1548 1
588 1124 -7
1108 157 13
1781 354 8
608 857 20
1410 1946 -10
1705 1047 -2
519 1941 8
1000 457 17
807 1347 -2
664 1898 13
865 397 19
538 1047 -7
279 956 13
80 950 4
879 111 4
816 1475 10
1610 1808 -1
1287 9 -7
529 13 17
1881 375 2
746 747 -1
421 1372 15
631 841 1
127 415 11
904 1486 -7
1710 724 6
313 460 -3
1371 1859 15
877 142 10
368 1590 17
181 743 -4
955 807 5
508 1968 -2
1646 1193 -6
1965 457 16
1553 1316 16
1854 265 2
1291 1971 2
1568 1762 -4
63 1480 -9
897 674 -5
122 621 9
1128 662 -1
1953 1581 17
1553 1666 10
484 777 10
149 1317 9
604 534 -1
57 447 -7
2011 1158 4
1544 2010 5
485 79 18
121 706 19
1790 1202 -4
850 882 15
1236 1349 0
520 730 5
2029 607 4
589 1998 15
741 742 -1
1164 1796 18
1648 2025 9
1659 220 13
1631 176 20
24 1016 4
1506 1511 -6
1439 1218 -2
367 807 7
358 374 9
1762 559 -7
1690 1869 18
1831 341 2
597 210 3
572 1808 10
647 1688 6
109 439 19
676 701 3
1301 1738 15
809 810 -1
842 843 -1
1264 86 6
597 1873 -4
307 1094 0
1675 1050 -6
1003 880 6
1369 579 14
712 1541 1
1893 1398 -6
990 548 13
473 1318 -1
1781 1366 -8
1704 1846 -9
709 710 -1
713 714 -1
348 1474 -9
2037 162 -4
1624 1043 13
1096 1933 11
1475 871 -5
1620 2008 -6
560 1594 -3
1095 836 0
236 110 16
1273 1895 13
602 1964 14
1655 393 7
950 940 20
852 559 -5
749 750 -1
1784 1969 -5
1140 1174 -1
95 375 13
39 1964 19
14 1441 7
653 106 7
291 335 1
1692 1697 19
1741 1992 9
84 1178 13
1676 1832 -10
1474 1412 11
1289 352 12
1833 636 7
1646 1712 5
1058 1193 2
1149 741 -3
463 47 -9
983 243 14
628 1755 19
1849 212 6
272 720 3
662 431 0
982 173 -10
336 1704 7
1679 1501 -6
523 1783 -10
586 776 19
1986 529 19
492 1001 8
816 1802 19
885 1265 15
167 631 -2
1054 1153 14
1511 117 10
406 154 9
157 174 17
1291 861 13
389 103 9
1220 1964 -6
371 762 2
1900 1226 8
1183 851 -8
107 722 14
1557 325 1
1759 854 3
20 971 20
813 814 -1
1978 1438 1
1101 701 16
347 923 2
1572 1830 11
811 812 -1
1150 1043 4
14 805 2
1166 1575 20
1559 1044 3
1274 1843 20
693 764 3
1244 702 0
1205 1249 4
802 1383 13
1751 963 5
547 922 9
1849 2002 -6
398 344 5
62 70 -9
712 713 -1
1946 1456 -3
1960 55 -6
905 1497 8
1691 1514 -2
1889 1423 -10
1928 44 6
2040 1776 4
147 998 2
1430 781 11
1554 2046 1
1138 1023 6
1100 401 15
1511 201 -5
334 1027 7
986 1684 19
1824 973 0
1305 806 18
263 1098 -6
1171 689 2
1682 0 5
756 757 -1
1446 7 8
1873 623 -4
200 678 -4
2025 559 5
335 574 1
290 2000 7
1354 1305 14
966 1147 -3
1852 947 4
1211 227 1
508 1694 7
1181 1503 14
1370 1553 2
1799 542 9
89 1203 17
1713 1345 18
1057 1112 3
748 759 9
1777 1688 7
34 240 -8
184 1163 9
96 195 13
805 27 14
539 799 14
1353 1690 -3
684 979 6
1824 1959 -8
1849 1697 6
928 1165 -9
511 717 20
24 911 -5
829 2022 4
1546 2033 -2
1077 71 18
198 663 6
2037 1589 3
620 135 20
232 1705 7
1059 963 8
871 299 -1
725 726 -1
1208 1604 -2
1124 356 -7
831 1651 2
1305 2 12
2006 429 9
566 863 10
379 966 16
1199 742 20
982 1119 -10
61 1215 -2
1620 294 18
1738 278 17
1206 1936 18
1739 125 3
878 1878 12
182 281 -9
297 339 -2
989 398 17
1091 1692 11
1348 498 -7
1576 494 2
858 557 17
1996 442 -4
1951 650 -3
442 893 -9
910 1642 -8
1905 297 6
112 601 6
259 1991 9
484 1523 10
1843 664 9
309 1879 20
1419 96 4
995 289 9
791 164 20
478 1314 18
1487 1279 -1
107 1350 10
1493 1752 -8
1193 367 -10
1293 1056 2
1328 1076 -7
1217 1511 1
1087 438 2
1611 477 17
1141 784 20
1273 1063 18
14 1560 -4
1704 265 6
1805 1112 4
1487 1617 11
744 1427 16
743 654 11
1679 306 16
1144 1143 16
2013 1897 16
1081 1800 3
984 1527 2
1270 1861 20
790 791 -1
73 1698 5
1478 1536 17
1090 379 14
1648 1487 17
141 815 20
753 754 -1
1982 426 -1
673 137 -2
1226 139 18
814 447 -3
1497 46 -6
837 838 -1
1256 1844 7
640 1743 7
1027 1387 8
272 1667 -9
1528 1315 -1
702 703 -1
1491 1099 10
969 1071 18
1667 240 15
722 723 -1
374 1271 14
1415 1159 0
1556 805 3
1007 502 5
1370 980 -5
59 550 2
1031 481 19
93 1302 16
795 192 15
1808 1274 -5
403 689 8
770 577 1
941 653 17
1481 1068 13
789 1706 15
1290 1764 16
202 701 -8
601 336 9
1183 1226 2
826 827 -1
1950 1408 -7
1219 208 15
1473 1680 7
230 616 17
177 490 10
308 917 -7
149 730 1
1722 1065 -6
276 1657 12
94 1527 1
16 766 16
938 1017 18
207 1477 -5
535 2023 -6
391 1578 18
434 465 7
649 1929 3
1585 602 -1
1407 1792 12
979 927 6
120 466 -8
1947 1528 19
953 1901 19
206 1295 8
651 1669 0
1464 1797 19
1661 1737 -3
545 664 -7
469 278 15
2047 654 -1
747 748 -1
834 970 12
1341 133 1
2003 216 0
1518 1839 5
1306 214 -10
867 413 3
1188 261 5
1786 121 -9
452 1886 9
844 845 -1
1606 519 17
1704 1323 1
1159 638 -7
370 2037 14
400 1226 3
791 534 -8
528 538 -8
29 845 -3
824 924 20
247 1372 20
1267 1385 2
1958 690 10
1262 735 -9
403 1101 0
612 1218 -2
500 538 19
182 1778 12
27 899 11
817 1701 6
631 1515 -7
1674 860 -4
566 1344 -5
1283 1036 10
1229 1783 14
48 1850 16
1991 519 12
2005 2035 15
178 1722 14
1880 746 6
1535 1912 16
947 1573 15
1837 2002 17
504 760 14
419 368 2
695 1352 17
1271 1726 9
236 1096 17
1182 353 5
803 804 -1
1583 1754 9
1224 1412 16
713 2030 -8
1654 590 -8
1851 1946 0
1280 456 -7
504 1226 -6
1786 946 2
1793 1542 -8
1339 140 1
329 209 11
1009 2018 1
1607 1654 -1
1267 1745 13
936 1639 9
1074 1089 -2
714 715 -1
1361 1422 -2
422 1040 11
1485 405 14
309 1914 5
783 784 -1
1659 1360 19
1471 1236 -2
1076 110 4
1005 1888 1
1112 1477 -7
1012 813 16
247 344 7
288 889 9
1010 642 3
1917 1370 -9
213 1511 20
1113 939 2
843 1453 9
1810 1572 -8
466 193 14
458 1226 -1
1986 91 0
458 54 -3
713 1792 -2
834 835 -1
1885 1707 18
1048 1830 10
1245 1005 11
1586 1029 17
1365 544 0
1289 1984 -3
1568 256 -1
686 365 8
1506 1603 -10
1980 917 1
388 1558 -5
1641 116 18
1351 889 -4
1313 964 18
2 1523 2
778 779 -1
1569 1057 10
501 1799 4
1801 763 -1
1830 886 1
748 2033 14
1276 1792 18
42 45 -4
1889 1448 -7
1750 402 -2
385 196 7
1536 607 11
323 509 1
455 633 10
523 1191 2
612 1472 10
184 1828 17
944 264 -1
1888 330 -5
465 906 6
318 1552 -7
786 1252 7
1983 1507 8
20 1030 -7
1985 1134 17
722 1432 6
600 1995 10
568 197 4
715 716 -1
828 1898 -4
783 1868 -10
432 795 2
127 251 -4
596 637 10
625 1964 17
1222 735 7
1014 342 1
1892 40 -7
1527 1652 -7
67 354 6
1883 1811 6
1473 660 17
1145 1542 11
1631 1197 5
800 801 -1
736 668 3
756 1886 10
1770 1790 11
160 338 6
921 2016 16
1408 1830 7
1212 1667 18
271 1035 3
1210 1835 -7
139 512 8
1113 344 3
2047 1065 -7
719 774 -7
1627 1039 7
2024 446 12
1577 1267 -7
1327 668 -7
1218 1990 -9
1109 1693 13
11 1885 -2
806 807 -1
1826 2037 -6
965 1084 17
1160 1586 3
817 1436 9
805 806 -1
314 319 8
445 1924 -4
1126 940 6
692 1473 -7
390 993 10
1061 1880 12
485 1083 11
959 689 -6
1396 882 -1
1007 1933 10
114 1836 11
560 1426 -4
308 530 17
1182 269 2
1572 1388 8
1959 880 16
1288 686 -8
739 567 3
1073 902 16
123 568 14
812 1851 4
1206 1675 -7
1019 646 11
883 392 13
1802 817 20
1979 919 10
859 787 -2
838 839 -1
414 1611 14
467 1824 17
1069 1735 -5
1852 42 11
730 731 -1
2047 660 12
795 978 -1
744 975 8
525 52 7
1917 1967 -8
429 1742 -8
1955 1272 0
1817 2004 12
1309 620 14
1937 1764 -3
1320 1381 -5
792 793 -1
1763 1070 -9
1831 31 -4
330 1418 -4
55 1472 2
994 1071 18
336 15 -9
370 31 16
157 883 16
1623 296 1
1143 161 6
1112 1260 -6
1254 1935 -7
1028 65 19
735 1342 8
0 1746 19
2025 1090 8
207 1338 5
1070 1569 0
2040 283 11
543 2002 10
1947 2010 13
1593 1533 8
1999 6 1
1677 1502 0
1380 664 7
274 1487 18
1496 141 17
242 1244 11
673 1672 2
591 767 18
544 889 7
305 974 -6
1749 135 -8
835 836 -1
1452 1960 13
0 1095 20
631 937 12
131 1434 -8
1527 1949 19
210 1181 -5
772 1250 20
1914 613 11
170 1608 9
1281 1648 5
1377 1011 9
557 1864 10
925 1814 2
767 768 -1
629 1432 12
269 546 -1
1294 1339 4
1598 503 20
518 751 18
1560 294 16
32 1599 9
413 1304 -3
2004 554 5
746 179 -5
406 966 12
1046 1858 -2
1779 1143 -8
1540 886 3
208 164 19
791 792 -1
1901 1327 5
859 190 16
261 1312 20
635 1017 18
536 1598 -10
1060 1310 7
1730 1671 -5
99 1267 3
1716 1490 6
477 329 -10
1442 1524 13
723 724 -1
72 326 -4
158 809 9
590 606 3
55 1228 -6
957 336 2
1186 1345 16
1208 482 7
922 420 13
1210 873 18
1808 68 12
1683 1618 -1
470 536 -4
1218 1149 14
1550 757 6
533 253 -6
1437 1982 20
140 211 0
1032 1088 8
1264 447 18
1671 639 13
1955 1342 -7
572 921 8
909 1356 6
446 1680 12
573 1413 19
649 916 -7
760 761 -1
2024 684 12
351 1039 -3
1144 710 20
1143 74 3
1109 662 11
1329 1746 0
395 1754 20
460 1922 20
361 462 -5
1438 1404 -10
1220 1526 6
300 104 16
1611 658 10
303 1251 5
377 592 -9
480 1046 -6
462 1303 -2
1577 938 18
1366 1035 -5
653 1672 10
1695 776 13
484 1076 14
434 1366 -1
1592 1954 12
1200 831 11
622 1997 20
22 1223 14
380 898 0
995 450 -1
1631 1814 16
1547 500 11
1034 1543 -10
1018 0 16
1790 945 16
1059 83 9
608 1441 14
1470 332 1
149 1837 9
1098 1107 -5
973 346 10
366 1946 13
1297 820 4
845 1722 3
164 1572 1
1642 1144 13
1245 1778 1
426 577 11
1215 1893 8
31 590 -1
511 1479 16
1946 1901 -7
567 1728 -7
1077 473 16
370 817 -8
92 688 12
97 1829 4
1527 2020 3
1734 2035 20
195 191 19
779 1818 13
770 1865 18
1526 1161 20
1282 1333 -1
1527 1611 10
1328 807 12
1929 1232 7
437 1897 14
828 829 -1
1479 1381 19
747 241 12
1075 395 19
1546 1725 19
1501 1382 14
781 1934 -1
1555 1541 4
1367 1135 8
14 781 8
315 1328 -1
2044 1808 16
1512 1045 20
1889 500 20
572 1263 -7
1969 1172 18
1097 2044 7
1910 231 -8
431 1634 19
848 849 -1
801 287 19
500 422 -2
1956 1224 -2
1049 2042 -3
1136 878 -2
1329 1244 -3
1145 887 7
453 1616 -6
812 813 -1
35 1626 -10
1783 901 -6
520 383 18
1107 1712 15
1926 1431 17
173 1717 -2
160 123 -7
572 645 -8
78 1644 -8
1163 932 8
1775 1614 -10
1405 161 -5
847 1547 -9
831 832 -1
199 948 13
19 511 -1
1578 64 -7
1241 1847 11
1140 1784 16
2044 1174 1
1402 236 6
275 607 19
523 1549 17
561 617 14
1087 1470 7
721 722 -1
1521 1776 1
1508 2004 11
1162 1074 3
353 1399 20
686 572 6
1019 1301 -7
824 825 -1
1345 2023 18
1522 1038 -10
1740 1817 -4
533 1180 -10
592 1810 -10
1255 1818 12
1561 904 -8
1626 483 3
642 1165 15
953 1550 -4
846 1042 -8
1094 297 2
1512 150 15
1123 1830 15
822 823 -1
1812 1388 -5
974 1721 -5
188 1552 16
137 740 -3
1882 1694 11
533 1985 18
773 774 -1
1354 987 4
1137 1378 3
1745 1249 8
1571 1560 17
928 1958 -5
1828 773 20
37 34 7
798 799 -1
1410 843 9
413 447 0
1630 1551 11
588 141 16
1338 994 15
139 298 7
1103 1182 11
97 1889 18
859 1183 14
408 770 2
491 866 -7
1609 1980 16
1282 1050 5
778 1055 3
1320 239 -9
1832 1118 10
1616 1249 -9
182 1455 10
1298 396 11
862 1365 3
727 728 -1
557 695 8
813 798 8
981 1561 -5
34 589 -7
1569 1483 19
1808 596 13
134 490 16
1498 570 -10
1816 780 14
62 1295 13
1613 617 -5
88 471 3
1364 610 0
583 1556 17
2030 1141 14
213 357 -3
732 733 -1
1823 1524 -8
1638 1864 -10
1976 1186 12
1952 259 8
958 1338 -8
750 751 -1
1233 528 -10
947 677 -4
760 981 15
365 595 19
977 1416 4
1449 321 -10
669 456 15
1845 1086 17
269 511 -9
1803 494 7
1748 1297 12
1952 76 -1
627 1687 13
231 50 -5
1972 214 9
1268 735 -10
204 745 19
637 511 -3
1316 470 19
436 1178 18
1331 1680 15
1320 1009 11
1268 1038 0
944 318 20
781 782 -1
398 454 20
1851 1449 20
1614 198 5
1258 1640 -2
522 1821 2
1266 813 16
26 1733 16
243 846 3
1625 1138 -1
1233 227 -7
1931 1022 10
1332 1737 18
1156 1114 6
617 1414 12
792 1604 -9
884 892 13
781 1274 0
898 559 -5
123 659 -6
2036 1425 -8
92 461 20
764 765 -1
1859 1391 14
1196 266 19
875 406 -9
1614 15 7
671 1405 -6
204 847 16
432 1186 11
775 776 -1
1641 1119 -9
114 1012 -6
814 815 -1
1305 599 -2
881 468 -9
167 203 7
1647 1160 -5
1664 595 -5
1803 1295 -9
928 298 14
1813 1345 10
751 752 -1
474 86 13
306 1148 0
2015 1842 2
1644 1757 -6
478 734 3
1941 13 19
1866 149 -9
942 786 14
956 1254 16
92 18 10
1047 981 -6
525 361 9
717 718 -1
1460 2039 -6
2042 1929 -1
1844 1363 -6
872 1545 20
988 1516 2
1924 1711 4
631 1602 0
1266 1873 2
740 1457 -3
846 1321 -6
1329 1685 13
1318 1129 1
1193 1697 7
1638 1148 -3
1375 965 -3
802 1831 1
784 253 5
1534 1223 7
1660 976 18
1202 596 5
641 1657 4
1618 1537 11
1182 997 -1
608 1413 -1
1191 524 10
218 1398 0
841 842 -1
700 828 16
1893 755 14
1968 899 3
1459 1450 -4
231 1342 -2
1051 1798 -9
579 1424 8
1872 825 -5
613 822 14
793 63 -9
1853 78 -7
318 1708 -2
35 1931 -10
1891 391 -4
1969 1586 11
2044 251 1
1734 1661 4
1703 1731 19
1928 1585 12
648 1178 14
567 902 15
379 1054 -4
1837 1725 14
1342 1248 6
107 239 -2
2011 152 16
630 255 4
1784 1719 18
1910 1457 3
1505 1999 -3
213 85 -6
827 828 -1
722 1421 9
1222 1804 9
704 526 3
1437 1881 0
1004 1902 -10
1049 400 6
93 355 17
535 1881 -4
495 1533 18
1853 32 -1
1394 953 7
1705 1387 3
1236 1670 9
808 1998 -6
1675 277 10
810 811 -1
1962 522 2
89 1033 -4
876 1247 11
754 1514 -7
1569 1188 -4
1306 2023 15
696 731 6
1513 1655 11
349 1824 4
1015 689 15
738 1124 10
881 1386 -1
2040 1753 1
637 943 1
1108 490 15
1498 1605 8
1368 2002 17
1079 309 19
222 1197 11
197 400 -7
1074 1304 10
1509 1773 10
1121 1211 6
1796 844 16
94 854 20
1279 1894 -1
699 1831 14
687 664 -1
989 441 5
754 755 -1
1780 138 -8
906 1697 12
807 1286 5
1911 1355 9
1962 1983 -6
1942 1230 20
1210 248 15
35 1454 7
1209 1241 -2
501 1068 5
2015 991 17
1420 155 2
559 104 -8
1026 534 -1
1726 117 -3
1458 1028 16
1134 1773 -5
1200 1065 -10
1956 515 3
1392 581 6
418 1178 8
547 871 -10
403 1716 16
1465 629 11
1125 1358 -3
396 1193 10
10 1081 12
1302 1002 -8
945 1231 3
329 586 -10
533 669 10
351 269 20
1029 841 5
317 784 3
152 361 -8
1465 1376 -3
1498 519 18
1387 605 13
2008 763 13
207 716 18
1352 1136 -8
1753 1431 -8
74 547 -1
1876 559 6
786 787 -1
1699 724 -6
671 1535 18
1720 805 19
1596 22 4
799 800 -1
783 23 -1
1065 1814 12
165 1804 6
174 2036 -4
2021 187 20
972 895 0
644 1237 -3
298 1288 0
1866 1436 -7
1084 1925 -1
234 747 -2
623 1177 -6
86 1705 13
579 182 0
1237 1034 15
898 8 -4
852 1324 15
215 801 18
917 752 17
1386 944 1
1364 292 9
343 153 9
124 1366 -3
1550 1616 8
758 228 13
755 756 -1
969 1838 5
1355 443 16
825 826 -1
199 1900 -7
725 541 -4
89 190 7
1265 519 9
26 126 14
1406 1339 13
1887 1617 0
1793 933 -10
808 809 -1
1235 265 -8
340 514 6
120 122 -5
808 12 8
1793 946 18
536 1437 15
886 1878 -8
1867 1072 0
1149 390 -1
1746 32 -10
802 803 -1
649 358 -5
626 1459 11
1163 477 -6
1798 1516 16
2033 1133 14
1645 1861 7
1291 1520 -5
1083 796 -1
602 949 13
1862 1631 10
1523 1251 14
277 1719 -7
791 815 -8
1873 1466 3
1563 1183 15
1698 970 11
1275 854 12
965 1119 1
1325 406 8
702 1001 11
1935 1917 1
1388 928 14
386 1326 17
490 457 -7
1682 1882 -3
1675 1372 14
793 794 -1
1102 540 8
433 2003 1
531 1651 12
932 496 -10
523 1713 9
135 1799 6
9 390 18
965 510 -9
709 1995 1
1751 1952 14
819 1523 -2
1353 14 -7
1136 1984 -2
1288 1879 4
1028 1808 4
658 1637 17
1370 1238 7
224 1223 18
1224 1958 7
796 261 -4
1401 1369 20
644 118 0
786 1456 3
1297 217 8
758 512 -1
432 1312 2
614 596 11
1325 1060 -2
1529 641 -1
1842 838 1
1058 545 2
212 38 -6
1974 114 17
1708 1014 -6
178 394 -8
1649 16 0
183 1123 10
1161 1756 -8
1523 419 -6
17 1322 7
619 312 16
1088 1929 -6
1767 282 18
1087 1090 9
2031 459 -6
712 1538 -10
154 1399 -3
289 1112 8
539 1217 9
347 1676 18
83 151 2
1491 646 15
720 684 -8
1134 1205 -7
1790 1638 19
1539 1844 10
895 609 15
751 1446 1
1497 1755 8
973 124 0
765 1947 -1
448 1447 15
93 57 20
984 1499 13
1669 2001 -2
1908 1267 6
1903 1412 -9
1969 281 -7
526 340 9
1096 1981 14
455 1344 13
614 122 11
974 172 9
736 737 -1
1439 1136 4
870 1573 -9
1806 51 4
594 911 -5
788 789 -1
920 212 19
559 1521 1
1982 1749 9
777 1351 -3
185 444 16
1021 954 15
623 237 4
1824 1977 14
762 959 5
1075 1413 16
1925 1126 0
1501 1775 13
217 1999 19
845 527 13
1780 1110 0
2005 476 14
1343 677 15
1429 432 10
320 800 17
356 279 3
987 1954 5
1383 1917 18
378 1153 2
1309 1943 -10
1981 1285 17
199 158 9
1914 1760 19
1910 1967 3
845 846 -1
1574 1520 -8
1630 2007 4
1966 75 12
2030 497 5
1136 990 8
834 2044 20
514 1644 8
581 831 4
601 1147 -8
64 500 7
1809 1761 11
751 400 2
232 2020 13
1962 186 7
1163 1095 12
970 948 17
1347 1748 7
902 299 0
800 1346 20
1282 1692 -5
1468 904 9
1354 726 8
1448 1789 8
872 580 13
1564 1237 20
473 1025 4
1422 2015 -2
270 2019 -2
1838 1927 4
1468 1278 -10
129 1678 6
1062 1365 12
1423 507 18
1444 1711 -2
861 296 11
27 456 -1
948 1535 10
1824 87 -6
1623 192 7
1264 1957 19
827 1257 20
1434 163 -3
1639 1302 -1
217 1985 -3
374 501 4
1943 1528 12
2043 1179 7
23 452 -9
821 1763 11
47 510 -10
1752 1188 6
1816 1496 -7
979 1745 2
201 1132 7
757 758 -1
719 918 -8
899 853 7
1819 277 -2
1201 335 7
830 831 -1
219 2014 3
865 1331 12
218 197 20
1198 1491 12
416 1868 20
732 2034 11
325 156 -6
536 1648 18
1748 1997 10
654 575 5
1311 1273 9
1842 904 5
2045 249 13
1587 466 -4
189 1937 0
945 361 0
439 49 6
1922 889 9
579 419 10
1337 918 -1
833 834 -1
421 167 3
917 1592 2
890 114 7
178 258 17
1269 1084 15
1406 158 12
649 560 13
245 244 3
820 821 -1
30 801 20
1915 249 6
933 28 5
673 214 -5
1176 524 4
801 802 -1
691 1242 6
1215 1911 8
1020 1759 20
2013 514 6
168 191 1
198 1036 14
1906 2001 8
898 1920 4
1525 166 13
453 1625 19
1448 1928 -5
1646 1441 8
